3 0.1390625 0.246875 0.12734375 0.125
3 0.87109375 0.32734375 0.12265625 0.12265625
0 0.8109375 0.459375 0.103125 0.1015625
0 0.884375 0.5015625 0.0984375 0.06953125
0 0.16953125 0.42890625 0.11328125 0.0625
0 0.10546875 0.48515625 0.06953125 0.0671875
3 0.87265625 0.03125 0.125 0.0625
10 0.16328125 0.07734375 0.16796875 0.146875
3 0.134375 0.0828125 0.115625 0.12734375
9 0.20703125 0.4625 0.196875 0.28671875
9 0.83984375 0.5265625 0.21875 0.22421875
10 0.85234375 0.56640625 0.2953125 0.5953125
10 0.196875 0.58515625 0.3171875 0.809375