3 0.8609375 0.246875 0.12734375 0.125
3 0.12890625 0.32734375 0.12265625 0.12265625
0 0.1890625 0.459375 0.103125 0.1015625
0 0.115625 0.5015625 0.0984375 0.06953125
0 0.83046875 0.42890625 0.11328125 0.0625
0 0.89453125 0.48515625 0.06953125 0.0671875
3 0.12734375 0.03125 0.125 0.0625
10 0.83671875 0.07734375 0.16796875 0.146875
3 0.865625 0.0828125 0.115625 0.12734375
9 0.79296875 0.4625 0.196875 0.28671875
9 0.16015625 0.5265625 0.21875 0.22421875
10 0.14765625 0.56640625 0.2953125 0.5953125
10 0.803125 0.58515625 0.3171875 0.809375