10 0.49609375 0.62734375 0.171875 0.6046875
9 0.48828125 0.7421875 0.084375 0.178125
6 0.4921875 0.89140625 0.06875 0.0515625
10 0.81875 0.5359375 0.3625 0.928125
9 0.91484375 0.725 0.1421875 0.43125
10 0.159375 0.6125 0.153125 0.71875
9 0.12109375 0.74140625 0.0859375 0.25
6 0.165625 0.94453125 0.071875 0.0546875
9 0.0515625 0.7125 0.0875 0.253125
6 0.05546875 0.9109375 0.0796875 0.040625
10 0.053125 0.6 0.10625 0.68125
4 0.5640625 0.6359375 0.0453125 0.05859375
4 0.215625 0.64765625 0.0546875 0.075
4 0.421875 0.6015625 0.06171875 0.0765625
4 0.784375 0.65234375 0.08125 0.1046875