3 0.39140625 0.31875 0.07265625 0.04375
3 0.63828125 0.32421875 0.08515625 0.0484375
3 0.27890625 0.30703125 0.03359375 0.01875
3 0.34296875 0.3171875 0.04140625 0.01875
3 0.14296875 0.3296875 0.03359375 0.0203125
3 0.090625 0.3015625 0.03125 0.01875
3 0.128125 0.31328125 0.03359375 0.015625
3 0.325 0.30078125 0.025 0.0140625
2 0.65234375 0.44609375 0.11875 0.1578125
2 0.37578125 0.45234375 0.14375 0.1703125
2 0.28671875 0.3484375 0.04140625 0.05625
2 0.11171875 0.33984375 0.02734375 0.0203125
2 0.07734375 0.35859375 0.04609375 0.0671875
9 0.12578125 0.384375 0.05234375 0.0734375
9 0.31875 0.3421875 0.01875 0.0328125
9 0.33515625 0.37265625 0.05859375 0.0640625
10 0.08203125 0.38359375 0.05859375 0.1828125
10 0.121875 0.390625 0.05234375 0.1703125
10 0.13046875 0.40546875 0.05625 0.175
10 0.27734375 0.3796875 0.07265625 0.1703125
10 0.32421875 0.38046875 0.04765625 0.1734375
10 0.3375 0.34375 0.04765625 0.0703125
10 0.36875 0.525 0.17109375 0.459375
10 0.665625 0.503125 0.15390625 0.403125