10 0.13203125 0.59140625 0.1359375 0.8171875
10 0.05390625 0.58359375 0.1078125 0.8328125
10 0.3359375 0.615625 0.16171875 0.76875
10 0.51015625 0.6125 0.18828125 0.775
10 0.696875 0.58359375 0.153125 0.8328125
10 0.82421875 0.6140625 0.14375 0.771875
6 0.0640625 0.21640625 0.0859375 0.071875
6 0.146875 0.22109375 0.08984375 0.075
6 0.34375 0.25390625 0.0578125 0.0453125
6 0.50703125 0.25703125 0.071875 0.05703125
6 0.68828125 0.20703125 0.0796875 0.075
6 0.81015625 0.259375 0.07421875 0.05703125
9 0.81328125 0.54375 0.09609375 0.3453125
9 0.7046875 0.55390625 0.115625 0.43515625
9 0.50390625 0.55390625 0.14375 0.36015625
9 0.33828125 0.5078125 0.1140625 0.28203125
9 0.1359375 0.52109375 0.121875 0.36640625
9 0.040625 0.56640625 0.08125 0.5109375
4 0.83359375 0.72421875 0.05078125 0.07265625
4 0.340625 0.63125 0.06953125 0.1015625