9 0.70234375 0.040625 0.12421875 0.08046875
9 0.721875 0.15859375 0.1640625 0.2421875
9 0.190625 0.19609375 0.178125 0.38359375
9 0.28515625 0.09296875 0.08203125 0.12890625
9 0.03515625 0.4578125 0.0703125 0.41953125
3 0.0703125 0.1078125 0.13984375 0.215625
3 0.60234375 0.09140625 0.0859375 0.15859375
3 0.95703125 0.01484375 0.05 0.0296875
0 0.11796875 0.83671875 0.08828125 0.1109375
0 0.3359375 0.12734375 0.0203125 0.071875
0 0.37265625 0.15234375 0.0859375 0.1015625
0 0.60390625 0.26484375 0.02578125 0.05390625
0 0.64765625 0.4375 0.02578125 0.06015625
0 0.97109375 0.22421875 0.0578125 0.05703125
0 0.98203125 0.4609375 0.0359375 0.0984375
9 0.9921875 0.24375 0.015625 0.30234375
10 0.928125 0.3875 0.14375 0.775
10 0.71328125 0.05234375 0.1859375 0.1046875
10 0.67890625 0.359375 0.24609375 0.70390625
10 0.26875 0.44921875 0.36796875 0.8984375
10 0.08125 0.5 0.1578125 1