3 0.4359375 0.2203125 0.1359375 0.17421875
3 0.08515625 0.1515625 0.165625 0.2703125
3 0.74921875 0.1796875 0.1203125 0.1390625
3 0.159375 0.18359375 0.03828125 0.10703125
6 0.3 0.2046875 0.084375 0.08515625
9 0.73671875 0.61953125 0.18203125 0.58359375
9 0.41171875 0.7203125 0.21796875 0.55859375
9 0.3109375 0.42890625 0.021875 0.103125
9 0.22421875 0.50859375 0.121875 0.39140625
9 0.18984375 0.40546875 0.04375 0.17109375
9 0.1171875 0.471875 0.1078125 0.32734375
9 0.05390625 0.71875 0.1078125 0.5625
3 0.1921875 0.21328125 0.04375 0.078125
3 0.2546875 0.27421875 0.015625 0.0359375
10 0.2828125 0.3734375 0.078125 0.23828125
10 0.1890625 0.2703125 0.05390625 0.19921875
10 0.128125 0.56015625 0.14609375 0.87890625
10 0.07421875 0.503125 0.1453125 0.99375
10 0.2453125 0.58203125 0.17421875 0.8359375
3 0.421875 0.5671875 0.328125 0.865625
3 0.72265625 0.553125 0.2859375 0.89296875