3 0.34453125 0.22265625 0.1140625 0.10234375
0 0.171875 0.71953125 0.13671875 0.1
0 0.10390625 0.7109375 0.07421875 0.0796875
0 0.30703125 0.8421875 0.05078125 0.07734375
0 0.284375 0.8796875 0.05859375 0.08359375
0 0.6703125 0.74375 0.0890625 0.1125
2 0.88671875 0.5734375 0.22578125 0.42890625
2 0.61953125 0.6 0.1828125 0.38515625
2 0.4015625 0.5734375 0.26328125 0.44375
0 0.54296875 0.6546875 0.0140625 0.03984375
3 0.60234375 0.2734375 0.08671875 0.09375
3 0.865625 0.1921875 0.1015625 0.11015625
10 0.37265625 0.58359375 0.29921875 0.8328125
10 0.6390625 0.61015625 0.21875 0.7796875
10 0.8703125 0.5671875 0.259375 0.86484375
4 0.29296875 0.75859375 0.08984375 0.16015625
4 0.4609375 0.8390625 0.09140625 0.140625