0 0.33515625 0.5796875 0.09140625 0.090625
0 0.3640625 0.640625 0.08984375 0.096875
0 0.49453125 0.59140625 0.1265625 0.18359375
0 0.78125 0.78515625 0.0484375 0.084375
3 0.1765625 0.17734375 0.2453125 0.25703125
3 0.35 0.29921875 0.1234375 0.13359375
3 0.915625 0.3171875 0.16875 0.221875
9 0.93046875 0.75 0.1390625 0.5
9 0.3265625 0.6484375 0.19765625 0.453125
9 0.1296875 0.578125 0.23125 0.41015625
9 0.0609375 0.7265625 0.12109375 0.546875
10 0.18359375 0.7265625 0.3671875 0.54453125
10 0.284375 0.47578125 0.5421875 0.865625
10 0.315625 0.615625 0.259375 0.76875
10 0.87578125 0.6015625 0.2484375 0.796875