10 0.76875 0.6171875 0.4625 0.765625
9 0.7671875 0.52734375 0.2265625 0.315625
6 0.78515625 0.28515625 0.175 0.09375
10 0.22421875 0.609375 0.446875 0.7171875
6 0.221875 0.3078125 0.1671875 0.096875
9 0.26640625 0.50078125 0.2140625 0.2328125
4 0.0390625 0.5328125 0.078125 0.07734375
4 0.40234375 0.52421875 0.08515625 0.06015625
4 0.62421875 0.5328125 0.07890625 0.07734375
8 0.3328125 0.91171875 0.109375 0.109375
8 0.228125 0.8734375 0.103125 0.12890625
8 0.68125 0.90546875 0.09375 0.121875
8 0.91171875 0.95625 0.1046875 0.0875