10 0.84765625 0.42578125 0.13125 0.66875
9 0.84765625 0.3109375 0.09375 0.184375
6 0.82578125 0.1546875 0.09375 0.1171875
10 0.28125 0.3609375 0.1625 0.578125
9 0.2875 0.25390625 0.0953125 0.134375
6 0.29296875 0.12890625 0.0671875 0.0875
10 0.41640625 0.675 0.221875 0.1515625
6 0.49296875 0.69921875 0.071875 0.078125
10 0.40703125 0.34375 0.1328125 0.50625
9 0.40234375 0.29375 0.0828125 0.1734375
6 0.40625 0.13359375 0.0625 0.0734375
10 0.5203125 0.4 0.10625 0.55625
9 0.51171875 0.296875 0.0796875 0.159375
6 0.509375 0.153125 0.05625 0.065625
10 0.61328125 0.3828125 0.1046875 0.6234375
9 0.61328125 0.2625 0.084375 0.1625
6 0.61484375 0.1125 0.06875 0.0765625
10 0.6984375 0.3921875 0.1046875 0.6734375
6 0.68359375 0.103125 0.075 0.0828125
9 0.68984375 0.2484375 0.0765625 0.153125
9 0.4421875 0.6609375 0.0953125 0.078125
4 0.84296875 0.46328125 0.0609375 0.06875
4 0.50859375 0.39765625 0.0421875 0.06328125