10 0.84765625 0.57421875 0.13125 0.66875
9 0.84765625 0.6890625 0.09375 0.184375
6 0.82578125 0.8453125 0.09375 0.1171875
10 0.28125 0.6390625 0.1625 0.578125
9 0.2875 0.74609375 0.0953125 0.134375
6 0.29296875 0.87109375 0.0671875 0.0875
10 0.41640625 0.325 0.221875 0.1515625
6 0.49296875 0.30078125 0.071875 0.078125
10 0.40703125 0.65625 0.1328125 0.50625
9 0.40234375 0.70625 0.0828125 0.1734375
6 0.40625 0.86640625 0.0625 0.0734375
10 0.5203125 0.6 0.10625 0.55625
9 0.51171875 0.703125 0.0796875 0.159375
6 0.509375 0.846875 0.05625 0.065625
10 0.61328125 0.6171875 0.1046875 0.6234375
9 0.61328125 0.7375 0.084375 0.1625
6 0.61484375 0.8875 0.06875 0.0765625
10 0.6984375 0.6078125 0.1046875 0.6734375
6 0.68359375 0.896875 0.075 0.0828125
9 0.68984375 0.7515625 0.0765625 0.153125
9 0.4421875 0.3390625 0.0953125 0.078125
4 0.671875 0.61015625 0.06171875 0.08203125
4 0.8046875 0.5625 0.05234375 0.08671875
4 0.50390625 0.5875 0.06953125 0.08125