8 0.1203125 0.89296875 0.0703125 0.0890625
8 0.2125 0.9015625 0.0796875 0.0796875
8 0.325 0.90078125 0.0578125 0.084375
8 0.62734375 0.80625 0.040625 0.0796875
8 0.521875 0.903125 0.0671875 0.1609375
8 0.77109375 0.82734375 0.0453125 0.090625
4 0.51328125 0.50859375 0.0546875 0.1078125
4 0.26953125 0.46796875 0.05625 0.0671875
4 0.18046875 0.578125 0.0453125 0.0828125
4 0.73046875 0.56328125 0.0375 0.0546875
4 0.66484375 0.54765625 0.0359375 0.046875
4 0.840625 0.60390625 0.0265625 0.0640625
1 0.7765625 0.3578125 0.03125 0.0296875
1 0.64453125 0.3890625 0.028125 0.03125
1 0.278125 0.23359375 0.0421875 0.028125
1 0.20078125 0.31015625 0.040625 0.0359375
3 0.20859375 0.28125 0.0625 0.0765625
3 0.290625 0.19921875 0.0671875 0.0609375
3 0.4234375 0.12890625 0.078125 0.0765625
3 0.503125 0.06171875 0.078125 0.1015625
3 0.65 0.365625 0.0421875 0.0515625
3 0.778125 0.32890625 0.0453125 0.0484375
3 0.8984375 0.496875 0.0203125 0.0234375
3 0.9734375 0.4953125 0.021875 0.0203125
1 0.48828125 0.10078125 0.0515625 0.040625