3 0.171875 0.48046875 0.06015625 0.04140625
6 0.21875 0.36015625 0.05703125 0.02265625
6 0.5078125 0.13359375 0.09296875 0.04609375
9 0.171875 0.42265625 0.06953125 0.08828125
9 0.48046875 0.2078125 0.14375 0.11875
10 0.16796875 0.459375 0.19140625 0.22109375
10 0.47109375 0.27421875 0.21875 0.32578125
4 0.55703125 0.3453125 0.06640625 0.05
4 0.3875 0.315625 0.06953125 0.04765625
6 0.1625 0.4859375 0.07265625 0.053125
8 0.11171875 0.55234375 0.0734375 0.046875
8 0.17734375 0.56328125 0.1 0.03046875