3 0.828125 0.48046875 0.06015625 0.04140625
6 0.78125 0.36015625 0.05703125 0.02265625
6 0.4921875 0.13359375 0.09296875 0.04609375
9 0.828125 0.42265625 0.06953125 0.08828125
9 0.51953125 0.2078125 0.14375 0.11875
10 0.83203125 0.459375 0.19140625 0.22109375
10 0.52890625 0.27421875 0.21875 0.32578125
4 0.44296875 0.3453125 0.06640625 0.05
4 0.6125 0.315625 0.06953125 0.04765625
6 0.8375 0.4859375 0.07265625 0.053125
8 0.88828125 0.55234375 0.0734375 0.046875
8 0.82265625 0.56328125 0.1 0.03046875