3 0.4453125 0.27109375 0.06875 0.0765625
3 0.62890625 0.234375 0.075 0.096875
3 0.8125 0.25078125 0.0484375 0.0640625
0 0.84921875 0.52265625 0.0328125 0.0890625
0 0.675 0.6171875 0.0515625 0.128125
0 0.42421875 0.53125 0.046875 0.065625
8 0.43984375 0.7671875 0.071875 0.1609375
8 0.63203125 0.8421875 0.09375 0.225
8 0.80390625 0.784375 0.0890625 0.1375
1 0.61484375 0.28359375 0.0328125 0.0375
1 0.80859375 0.28671875 0.0421875 0.0234375
8 0.8015625 0.771875 0.0625 0.0671875
8 0.84921875 0.77265625 0.028125 0.0390625