5 0.30078125 0.3078125 0.103125 0.04375
5 0.434375 0.38671875 0.090625 0.0375
5 0.5796875 0.37421875 0.0734375 0.0390625
4 0.59296875 0.446875 0.065625 0.08125
4 0.490625 0.56328125 0.1 0.0484375
4 0.28984375 0.5921875 0.0859375 0.0765625
3 0.2953125 0.3 0.1296875 0.175
3 0.434375 0.38125 0.11875 0.1578125
3 0.58046875 0.3703125 0.1 0.1375
5 0.2984375 0.02578125 0.0984375 0.0359375
4 0.5671875 0.5765625 0.053125 0.0546875
4 0.52109375 0.59296875 0.046875 0.0546875
3 0.30546875 0.0578125 0.1390625 0.115625