5 0.39765625 0.36328125 0.109375 0.0484375
5 0.1234375 0.40625 0.0828125 0.05
5 0.759375 0.3328125 0.1203125 0.0484375
6 0.76796875 0.325 0.1328125 0.14375
6 0.38125 0.3625 0.128125 0.14375
6 0.12265625 0.4 0.096875 0.125
6 0.5546875 0.371875 0.075 0.084375
6 0.25078125 0.4421875 0.065625 0.08125
4 0.375 0.58046875 0.0875 0.08125
4 0.5203125 0.56796875 0.0734375 0.0953125
4 0.89375 0.75390625 0.0578125 0.0796875
4 0.659375 0.73046875 0.046875 0.08125
6 0.67890625 0.3953125 0.08125 0.1015625
6 0.9734375 0.29765625 0.053125 0.1765625
6 0.7609375 0.04296875 0.146875 0.0859375
1 0.6796875 0.39140625 0.0703125 0.0265625
1 0.55703125 0.3703125 0.065625 0.0234375
1 0.25234375 0.44921875 0.0578125 0.025
6 0.05703125 0.4640625 0.0484375 0.0609375
4 0.94921875 0.54765625 0.05 0.059375
4 0.89453125 0.90390625 0.0546875 0.090625