6 0.10859375 0.46953125 0.0796875 0.0984375
6 0.17890625 0.43125 0.0796875 0.0703125
6 0.23828125 0.42265625 0.0484375 0.059375
6 0.4890625 0.40390625 0.0515625 0.05625
6 0.66875 0.40859375 0.0546875 0.071875
6 0.73828125 0.42890625 0.0609375 0.0734375
6 0.8890625 0.46484375 0.1 0.1046875
4 0.8203125 0.61015625 0.0859375 0.0828125
4 0.66484375 0.51796875 0.05 0.04375
4 0.9 0.71953125 0.065625 0.078125
4 0.653125 0.47890625 0.0359375 0.03125
4 0.2796875 0.49765625 0.040625 0.03125
4 0.26484375 0.52578125 0.034375 0.0296875
5 0.2359375 0.41953125 0.0375 0.01875
5 0.66484375 0.41171875 0.0453125 0.0171875
5 0.734375 0.42890625 0.053125 0.0203125
5 0.86875 0.46953125 0.059375 0.04375
5 0.19609375 0.43203125 0.0375 0.025
5 0.4859375 0.40234375 0.034375 0.0171875
9 0.07421875 0.6421875 0.1484375 0.259375
9 0.915625 0.58828125 0.13671875 0.18828125
9 0.7515625 0.528125 0.15234375 0.1375
9 0.48046875 0.47421875 0.115625 0.103125
9 0.18125 0.5203125 0.09375 0.1203125