6 0.16328125 0.5078125 0.059375 0.0640625
6 0.4875 0.5109375 0.0328125 0.05
6 0.45 0.51171875 0.028125 0.0359375
6 0.3671875 0.52109375 0.03125 0.0390625
6 0.5734375 0.52890625 0.0375 0.0359375
6 0.3125 0.521875 0.0265625 0.0359375
6 0.73828125 0.50859375 0.0265625 0.03125
6 0.80078125 0.521875 0.0375 0.0421875
6 0.84453125 0.52109375 0.034375 0.0328125
6 0.9546875 0.5125 0.03125 0.0453125
6 0.91796875 0.52421875 0.0296875 0.028125
6 0.2734375 0.52734375 0.0265625 0.0296875
6 0.05859375 0.5359375 0.0328125 0.0375
6 0.02734375 0.5296875 0.0375 0.034375
6 0.2015625 0.5203125 0.0390625 0.0421875
6 0.38828125 0.52109375 0.025 0.0328125
6 0.6359375 0.53671875 0.0359375 0.04375
6 0.55703125 0.515625 0.028125 0.0296875
6 0.88203125 0.53046875 0.025 0.028125
4 0.13671875 0.68125 0.0375 0.0359375
4 0.1125 0.684375 0.0296875 0.0375
4 0.13984375 0.98046875 0.034375 0.0390625
4 0.1125 0.98203125 0.03125 0.0359375
4 0.58125 0.64609375 0.0234375 0.0265625
4 0.93359375 0.61796875 0.01875 0.028125
4 0.77265625 0.65 0.0265625 0.0265625
4 0.2359375 0.65390625 0.0234375 0.0359375
4 0.309375 0.61015625 0.028125 0.0234375
5 0.73671875 0.5109375 0.025 0.0109375
8 0.35 0.759375 0.0296875 0.03125
8 0.39609375 0.7609375 0.028125 0.0328125
8 0.7296875 0.6984375 0.0390625 0.021875
7 0.9640625 0.725 0.0421875 0.021875
7 0.95 0.71015625 0.04375 0.01875
7 0.925 0.68515625 0.03125 0.015625
8 0.75078125 0.69375 0.0234375 0.01875
8 0.3140625 0.728125 0.0234375 0.01875
8 0.28515625 0.725 0.021875 0.0203125
8 0.21953125 0.765625 0.0515625 0.03125
8 0.053125 0.71640625 0.034375 0.01875
9 0.13671875 0.61015625 0.0984375 0.13828125
9 0.20703125 0.59453125 0.0828125 0.11328125
9 0.36171875 0.58125 0.0796875 0.11171875
9 0.47734375 0.58515625 0.0984375 0.13203125
9 0.57734375 0.5921875 0.07734375 0.109375
9 0.640625 0.60546875 0.05078125 0.10234375
9 0.740625 0.56484375 0.06328125 0.0890625
9 0.8046875 0.58203125 0.07890625 0.1
9 0.85234375 0.58359375 0.059375 0.103125