3 0.2078125 0.56875 0.0515625 0.05625
3 0.1171875 0.534375 0.0546875 0.0625
3 0.3109375 0.5953125 0.040625 0.04375
3 0.359375 0.609375 0.0296875 0.034375
3 0.16171875 0.56328125 0.0234375 0.0265625
3 0.453125 0.58828125 0.0328125 0.0421875
3 0.5546875 0.60859375 0.034375 0.0359375
3 0.6109375 0.4125 0.040625 0.0375
0 0.296875 0.70703125 0.0265625 0.025
0 0.35546875 0.696875 0.025 0.025
0 0.384375 0.68515625 0.0234375 0.0171875
0 0.53515625 0.68828125 0.0203125 0.0171875
0 0.5796875 0.6875 0.025 0.0171875
4 0.078125 0.6875 0.0359375 0.0296875
8 0.34140625 0.80390625 0.0359375 0.0375
8 0.29921875 0.8109375 0.0265625 0.040625
3 0.2578125 0.61640625 0.0359375 0.03125
8 0.7453125 0.42265625 0.03125 0.0234375
8 0.71640625 0.43203125 0.028125 0.025