6 0.32578125 0.38984375 0.05625 0.0734375
6 0.55078125 0.353125 0.05625 0.06875
6 0.69375 0.39453125 0.0484375 0.0515625
6 0.80390625 0.41640625 0.04375 0.0546875
6 0.37890625 0.39921875 0.0421875 0.05
6 0.44609375 0.4078125 0.0328125 0.0390625
5 0.32734375 0.3953125 0.046875 0.0203125
5 0.37734375 0.39765625 0.0328125 0.0125
5 0.55 0.35234375 0.0421875 0.0171875
5 0.6921875 0.39609375 0.040625 0.015625
5 0.803125 0.41484375 0.0375 0.0140625
7 0.83515625 0.7328125 0.0484375 0.046875
7 0.7734375 0.70234375 0.0375 0.046875
7 0.7046875 0.7015625 0.0328125 0.0359375
7 0.67265625 0.725 0.0390625 0.040625
8 0.5484375 0.73984375 0.05 0.059375
8 0.58828125 0.68671875 0.0296875 0.046875
8 0.36953125 0.753125 0.046875 0.0546875
8 0.296875 0.78671875 0.0640625 0.0640625
6 0.85625 0.40546875 0.028125 0.028125
6 0.9078125 0.421875 0.0203125 0.021875
6 0.6140625 0.4109375 0.0234375 0.03125
4 0.63671875 0.56328125 0.028125 0.0390625
4 0.396875 0.5578125 0.0234375 0.0390625
4 0.42421875 0.5546875 0.0203125 0.0359375
4 0.2734375 0.59140625 0.0296875 0.0359375
4 0.7484375 0.5578125 0.0234375 0.0359375
4 0.81015625 0.4484375 0.0203125 0.0421875
4 0.47578125 0.50078125 0.015625 0.021875
9 0.33515625 0.51875 0.14453125 0.16171875
9 0.5484375 0.47421875 0.12109375 0.178125
9 0.7015625 0.49453125 0.11015625 0.18203125
9 0.446875 0.4484375 0.0625 0.05859375
9 0.80546875 0.52578125 0.096875 0.18828125