6 0.1375 0.3109375 0.08125 0.1015625
6 0.39609375 0.321875 0.0859375 0.10625
6 0.6140625 0.3140625 0.0703125 0.0953125
6 0.72109375 0.31875 0.0578125 0.0625
6 0.86015625 0.346875 0.078125 0.1
4 0.646875 0.5375 0.0484375 0.0390625
4 0.271875 0.59140625 0.0390625 0.0484375
4 0.46796875 0.59921875 0.0421875 0.046875
4 0.02890625 0.5765625 0.04375 0.0546875
4 0.7546875 0.5515625 0.0359375 0.0484375
4 0.89140625 0.55546875 0.040625 0.0453125
6 0.2796875 0.3359375 0.046875 0.0453125
3 0.91015625 0.36640625 0.040625 0.046875
8 0.859375 0.834375 0.06875 0.0828125
8 0.625 0.77734375 0.0546875 0.090625
8 0.56796875 0.8 0.059375 0.084375
8 0.409375 0.8234375 0.0515625 0.075
8 0.1390625 0.815625 0.075 0.0765625
8 0.20234375 0.78828125 0.0515625 0.078125
8 0.7875 0.7828125 0.0765625 0.0921875
9 0.1421875 0.4828125 0.18984375 0.23359375
9 0.3890625 0.4796875 0.19609375 0.234375
9 0.596875 0.4625 0.1375 0.20625
9 0.85078125 0.48515625 0.12578125 0.1953125
9 0.7265625 0.4234375 0.0953125 0.17109375