3 0.3421875 0.41171875 0.0828125 0.10625
3 0.51953125 0.43203125 0.065625 0.0953125
3 0.84453125 0.4203125 0.1359375 0.1640625
3 0.61171875 0.46953125 0.059375 0.0875
3 0.7625 0.4296875 0.0515625 0.034375
5 0.33671875 0.4203125 0.05625 0.021875
5 0.7609375 0.453125 0.04375 0.0171875
5 0.51875 0.43828125 0.046875 0.0234375
4 0.2640625 0.58984375 0.0703125 0.046875
4 0.45703125 0.6703125 0.0390625 0.0390625
4 0.65 0.65390625 0.034375 0.028125
4 0.69921875 0.6328125 0.0375 0.0375
3 0.5890625 0.434375 0.0375 0.053125
3 0.9828125 0.4125 0.034375 0.1078125
5 0.6109375 0.46875 0.0515625 0.01875
1 0.84375 0.41953125 0.10625 0.0296875
5 0.9859375 0.41328125 0.028125 0.0265625