6 0.58203125 0.34453125 0.0734375 0.08125
6 0.48125 0.359375 0.053125 0.0671875
6 0.35234375 0.3703125 0.06875 0.065625
6 0.13203125 0.35546875 0.0703125 0.075
6 0.040625 0.36015625 0.0515625 0.053125
6 0.22578125 0.37265625 0.0484375 0.059375
6 0.88359375 0.3828125 0.0796875 0.0921875
4 0.34140625 0.57421875 0.046875 0.04375
4 0.53359375 0.56796875 0.059375 0.0515625
4 0.8296875 0.61171875 0.0515625 0.075
4 0.22734375 0.49765625 0.0375 0.0390625
5 0.58125 0.3421875 0.059375 0.025
5 0.1296875 0.346875 0.0609375 0.0390625
5 0.35 0.3671875 0.05625 0.01875
1 0.478125 0.35546875 0.0453125 0.021875
5 0.225 0.37265625 0.040625 0.015625
5 0.040625 0.35859375 0.040625 0.0171875
6 0.77109375 0.40390625 0.0515625 0.0578125
6 0.81875 0.37109375 0.0515625 0.059375
6 0.94609375 0.37578125 0.04375 0.0625
4 0.96328125 0.63203125 0.0265625 0.0515625
4 0.63515625 0.54921875 0.0390625 0.0375
4 0.028125 0.50625 0.0359375 0.0375
6 0.4015625 0.38515625 0.0359375 0.06875
6 0.58203125 0.04921875 0.0765625 0.0859375
6 0.4828125 0.03515625 0.05625 0.0703125
6 0.36015625 0.0296875 0.0640625 0.059375
6 0.13359375 0.0390625 0.0765625 0.0765625
6 0.225 0.025 0.053125 0.05
6 0.0390625 0.02734375 0.05 0.0546875
6 0.88359375 0.03125 0.0890625 0.0625
9 0.121875 0.4734375 0.16796875 0.19609375
9 0.34765625 0.47890625 0.13203125 0.16328125
9 0.5671875 0.478125 0.14140625 0.175
9 0.884375 0.4859375 0.14296875 0.19921875
9 0.23046875 0.45 0.10390625 0.1296875
9 0.040625 0.44453125 0.075 0.140625