6 0.178125 0.459375 0.090625 0.10625
6 0.265625 0.45078125 0.0609375 0.06875
6 0.32421875 0.4265625 0.0421875 0.0578125
6 0.48671875 0.41171875 0.0375 0.046875
6 0.60234375 0.41640625 0.0375 0.040625
6 0.81171875 0.45703125 0.096875 0.0828125
6 0.72578125 0.42890625 0.0515625 0.0671875
6 0.69140625 0.425 0.046875 0.065625
4 0.296875 0.57421875 0.0703125 0.059375
4 0.465625 0.471875 0.028125 0.025
4 0.496875 0.4734375 0.0328125 0.03125
4 0.67578125 0.49375 0.05 0.025
4 0.6703125 0.4671875 0.0390625 0.025
4 0.59375 0.465625 0.03125 0.0234375
6 0.96328125 0.50078125 0.0734375 0.1546875
4 0.3453125 0.5171875 0.0484375 0.046875
9 0.1421875 0.6 0.2125 0.2609375