5 0.60234375 0.36328125 0.109375 0.0484375
5 0.8765625 0.40625 0.0828125 0.05
5 0.240625 0.3328125 0.1203125 0.0484375
6 0.23203125 0.325 0.1328125 0.14375
6 0.61875 0.3625 0.128125 0.14375
6 0.87734375 0.4 0.096875 0.125
6 0.4453125 0.371875 0.075 0.084375
6 0.74921875 0.4421875 0.065625 0.08125
4 0.625 0.58046875 0.0875 0.08125
4 0.4796875 0.56796875 0.0734375 0.0953125
4 0.10625 0.75390625 0.0578125 0.0796875
4 0.340625 0.73046875 0.046875 0.08125
6 0.32109375 0.3953125 0.08125 0.1015625
6 0.0265625 0.29765625 0.053125 0.1765625
6 0.2390625 0.04296875 0.146875 0.0859375
1 0.3203125 0.39140625 0.0703125 0.0265625
1 0.44296875 0.3703125 0.065625 0.0234375
1 0.74765625 0.44921875 0.0578125 0.025
6 0.94296875 0.4640625 0.0484375 0.0609375
4 0.05078125 0.54765625 0.05 0.059375
4 0.10546875 0.90390625 0.0546875 0.090625