3 0.4 0.30234375 0.0796875 0.09375
3 0.57890625 0.240625 0.103125 0.1171875
0 0.3171875 0.459375 0.078125 0.040625
0 0.67421875 0.35859375 0.0765625 0.0765625
5 0.5734375 0.25234375 0.05625 0.0625
5 0.4 0.3109375 0.0625 0.0390625
8 0.61875 0.7453125 0.096875 0.16875
0 0.528125 0.4921875 0.0578125 0.0625
8 0.4875 0.746875 0.0703125 0.1421875
8 0.42109375 0.75078125 0.096875 0.1390625
3 0.5875 0.07734375 0.121875 0.1078125
3 0.39375 0.0390625 0.0828125 0.078125
5 0.571875 0.07109375 0.0640625 0.05625