4 0.465625 0.61171875 0.0671875 0.059375
4 0.7328125 0.61484375 0.0265625 0.0515625
3 0.91171875 0.38203125 0.1171875 0.125
3 0.796875 0.40859375 0.071875 0.0859375
3 0.53359375 0.37421875 0.0859375 0.109375
3 0.41171875 0.396875 0.0671875 0.0765625
3 0.23671875 0.39921875 0.0796875 0.0984375
3 0.0515625 0.37421875 0.0609375 0.0765625
5 0.04453125 0.3734375 0.05625 0.0140625
5 0.2328125 0.4140625 0.071875 0.0171875
5 0.5390625 0.3796875 0.075 0.0234375
5 0.79765625 0.41328125 0.05625 0.015625
5 0.8953125 0.38125 0.0671875 0.0234375
5 0.41640625 0.4015625 0.0578125 0.021875
3 0.62578125 0.440625 0.03125 0.0359375
3 0.721875 0.4515625 0.0296875 0.028125
3 0.60703125 0.43671875 0.021875 0.0265625
8 0.61796875 0.7546875 0.0640625 0.0375
8 0.37890625 0.7828125 0.0453125 0.059375
8 0.41953125 0.778125 0.0578125 0.0453125
8 0.628125 0.61484375 0.03125 0.040625
4 0.7125 0.5078125 0.015625 0.0203125
9 0.89765625 0.56796875 0.2046875 0.2484375
9 0.51015625 0.5328125 0.1359375 0.20234375
9 0.22890625 0.5140625 0.14765625 0.17734375
9 0.071875 0.484375 0.115625 0.16875
9 0.7890625 0.534375 0.17109375 0.20546875