6 0.30390625 0.36953125 0.046875 0.0609375
6 0.428125 0.37265625 0.0609375 0.0671875
6 0.5359375 0.3328125 0.0703125 0.071875
6 0.8140625 0.3109375 0.0875 0.0953125
6 0.703125 0.353125 0.0359375 0.04375
8 0.43984375 0.73203125 0.059375 0.0640625
8 0.5046875 0.7375 0.0359375 0.065625
8 0.31328125 0.6796875 0.05 0.0453125
5 0.8046875 0.309375 0.0609375 0.025
5 0.51953125 0.32734375 0.0359375 0.0234375
5 0.42734375 0.37109375 0.0453125 0.01875
5 0.29765625 0.365625 0.0390625 0.015625
9 0.82578125 0.475 0.16328125 0.23828125
9 0.31328125 0.45703125 0.1140625 0.1265625
9 0.45234375 0.484375 0.1578125 0.15546875
9 0.58828125 0.4453125 0.16796875 0.17265625
8 0.5984375 0.796875 0.090625 0.05390625
8 0.8265625 0.840625 0.07109375 0.0578125
8 0.559375 0.76640625 0.0875 0.059375