3 0.2765625 0.3640625 0.128125 0.1484375
3 0.6453125 0.40625 0.0546875 0.053125
3 0.56640625 0.42734375 0.053125 0.0640625
7 0.50625 0.72421875 0.0375 0.065625
7 0.44921875 0.7265625 0.0484375 0.053125
8 0.57734375 0.7640625 0.0515625 0.096875
8 0.653125 0.76171875 0.0359375 0.08125
4 0.3984375 0.6703125 0.0390625 0.05625
3 0.02109375 0.35859375 0.0421875 0.1265625
3 0.36015625 0.409375 0.065625 0.084375
3 0.47265625 0.41953125 0.05625 0.059375
4 0.6078125 0.56640625 0.0359375 0.04375
4 0.32578125 0.70859375 0.071875 0.065625
4 0.5171875 0.58046875 0.021875 0.034375
8 0.39375 0.8625 0.065625 0.090625
9 0.240625 0.57109375 0.225 0.284375
9 0.62265625 0.50078125 0.1203125 0.17578125
9 0.47265625 0.50703125 0.1140625 0.15703125