4 0.21484375 0.5625 0.0609375 0.0484375
5 0.75390625 0.48515625 0.09375 0.0265625
5 0.2125 0.43515625 0.0328125 0.01875
5 0.13828125 0.45 0.0734375 0.0203125
3 0.6328125 0.44765625 0.0640625 0.09375
3 0.55625 0.48203125 0.059375 0.0734375
3 0.4875 0.46484375 0.046875 0.059375
3 0.4375 0.47109375 0.0375 0.053125
3 0.134375 0.4453125 0.0765625 0.1015625
3 0.21328125 0.4296875 0.0515625 0.0609375
3 0.76640625 0.47109375 0.1140625 0.1296875
8 0.2296875 0.703125 0.040625 0.0515625
8 0.28046875 0.69140625 0.0453125 0.05
4 0.1921875 0.48828125 0.0453125 0.0453125
5 0.55 0.4859375 0.0390625 0.021875
5 0.478125 0.46796875 0.034375 0.0171875