3 0.6984375 0.3375 0.08125 0.1078125
3 0.5859375 0.3453125 0.0640625 0.10625
3 0.33203125 0.3265625 0.0828125 0.10625
3 0.8453125 0.4203125 0.0328125 0.0484375
3 0.9296875 0.4234375 0.03125 0.0328125
5 0.58515625 0.35625 0.0578125 0.01875
5 0.3421875 0.325 0.0515625 0.025
5 0.69375 0.34765625 0.0625 0.03125
8 0.40859375 0.6015625 0.0359375 0.0390625
8 0.4734375 0.80859375 0.053125 0.0921875
8 0.5765625 0.81015625 0.053125 0.075
4 0.55 0.49765625 0.0421875 0.0390625
4 0.60625 0.49921875 0.0546875 0.04375
3 0.42109375 0.40703125 0.0375 0.04375
3 0.27421875 0.325 0.0640625 0.0859375
4 0.2484375 0.61953125 0.04375 0.05625
3 0.96328125 0.43046875 0.0328125 0.028125
8 0.85625 0.62890625 0.0359375 0.0296875
8 0.91328125 0.63359375 0.021875 0.025
8 0.93828125 0.63515625 0.0265625 0.025
9 0.73359375 0.50625 0.15703125 0.25078125
9 0.3109375 0.475 0.159375 0.2046875
9 0.55625 0.50234375 0.1609375 0.2234375
9 0.92890625 0.48984375 0.059375 0.0890625
9 0.4109375 0.46796875 0.096875 0.11640625