3 0.3015625 0.3375 0.08125 0.1078125
3 0.4140625 0.3453125 0.0640625 0.10625
3 0.66796875 0.3265625 0.0828125 0.10625
3 0.1546875 0.4203125 0.0328125 0.0484375
3 0.0703125 0.4234375 0.03125 0.0328125
5 0.41484375 0.35625 0.0578125 0.01875
5 0.6578125 0.325 0.0515625 0.025
5 0.30625 0.34765625 0.0625 0.03125
8 0.59140625 0.6015625 0.0359375 0.0390625
8 0.5265625 0.80859375 0.053125 0.0921875
8 0.4234375 0.81015625 0.053125 0.075
4 0.45 0.49765625 0.0421875 0.0390625
4 0.39375 0.49921875 0.0546875 0.04375
3 0.57890625 0.40703125 0.0375 0.04375
3 0.72578125 0.325 0.0640625 0.0859375
4 0.7515625 0.61953125 0.04375 0.05625
3 0.03671875 0.43046875 0.0328125 0.028125
8 0.14375 0.62890625 0.0359375 0.0296875
8 0.08671875 0.63359375 0.021875 0.025
8 0.06171875 0.63515625 0.0265625 0.025
9 0.26640625 0.50625 0.15703125 0.25078125
9 0.6890625 0.475 0.159375 0.2046875
9 0.44375 0.50234375 0.1609375 0.2234375
9 0.07109375 0.48984375 0.059375 0.0890625
9 0.5890625 0.46796875 0.096875 0.11640625