6 0.73828125 0.42890625 0.084375 0.0984375
3 0.53515625 0.46484375 0.10625 0.10625
3 0.38515625 0.4359375 0.075 0.0921875
3 0.11953125 0.475 0.09375 0.109375
5 0.39765625 0.44140625 0.059375 0.025
3 0.15 0.44609375 0.0625 0.0828125
1 0.1203125 0.48203125 0.06875 0.0265625
4 0.21171875 0.53046875 0.0375 0.03125
4 0.41953125 0.65625 0.0359375 0.04375
4 0.8140625 0.8015625 0.0484375 0.046875
4 0.8140625 0.8640625 0.05625 0.0390625
5 0.5578125 0.4796875 0.0546875 0.0234375
9 0.73984375 0.659375 0.23203125 0.375
9 0.534375 0.65703125 0.22421875 0.29453125
9 0.11484375 0.60546875 0.1484375 0.21484375