3 0.528125 0.13359375 0.0421875 0.053125
3 0.44765625 0.1859375 0.0359375 0.04375
3 0.19140625 0.13984375 0.046875 0.059375
3 0.2546875 0.1578125 0.0359375 0.04375
3 0.3640625 0.35625 0.0453125 0.0421875
3 0.7515625 0.2109375 0.028125 0.01875
6 0.346875 0.1390625 0.04375 0.0515625
4 0.37890625 0.29296875 0.021875 0.025
3 0.00859375 0.1375 0.0171875 0.053125
3 0.4265625 0.1921875 0.025 0.0265625
8 0.21640625 0.42578125 0.034375 0.04375
8 0.1859375 0.43203125 0.040625 0.034375
8 0.28515625 0.4125 0.0375 0.040625
8 0.3546875 0.42421875 0.053125 0.0390625
8 0.55625 0.41171875 0.0375 0.04375
8 0.51875 0.41796875 0.03125 0.040625
8 0.45390625 0.3984375 0.03125 0.0359375
3 0.6765625 0.23203125 0.01875 0.0234375
8 0.42578125 0.39140625 0.0265625 0.03125
8 0.7375 0.35703125 0.0203125 0.0234375
8 0.759375 0.35078125 0.0203125 0.0203125
0 0.72578125 0.29609375 0.0125 0.0203125
0 0.7828125 0.2890625 0.015625 0.01875
4 0.1375 0.29921875 0.0296875 0.028125