3 0.3359375 0.29375 0.0671875 0.096875
3 0.5078125 0.31484375 0.0609375 0.0875
3 0.10390625 0.3640625 0.053125 0.075
3 0.6828125 0.31796875 0.0578125 0.08125
4 0.45703125 0.528125 0.0375 0.0515625
4 0.70703125 0.41171875 0.0546875 0.0234375
4 0.0953125 0.4328125 0.0328125 0.0328125
4 0.78125 0.50390625 0.0328125 0.053125
4 0.8890625 0.49375 0.0328125 0.0453125
4 0.328125 0.45390625 0.0515625 0.0453125
8 0.3625 0.78359375 0.0609375 0.071875
3 0.8140625 0.325 0.059375 0.078125
4 0.11171875 0.46171875 0.034375 0.028125
4 0.3671875 0.45546875 0.0390625 0.0515625
4 0.61484375 0.51015625 0.028125 0.0390625
4 0.9890625 0.50859375 0.021875 0.0515625
8 0.3015625 0.74140625 0.0421875 0.046875
8 0.55390625 0.75625 0.0453125 0.0671875
8 0.49140625 0.71796875 0.053125 0.0578125
8 0.6734375 0.734375 0.0390625 0.0515625
8 0.825 0.696875 0.053125 0.05
8 0.9546875 0.6671875 0.05625 0.0546875
8 0.40703125 0.67734375 0.0390625 0.04375
8 0.43671875 0.6453125 0.0328125 0.0359375
7 0.2 0.65390625 0.028125 0.046875
7 0.18046875 0.6453125 0.028125 0.034375
7 0.1421875 0.73359375 0.0359375 0.0421875
7 0.10078125 0.70234375 0.0328125 0.0390625
3 0.175 0.37578125 0.053125 0.0703125
3 0.07109375 0.3671875 0.034375 0.0515625
3 0.209375 0.36953125 0.0328125 0.0484375
3 0.6125 0.3421875 0.0375 0.05
3 0.409375 0.34296875 0.05 0.0703125
6 0.58046875 0.34453125 0.0296875 0.0359375
5 0.33515625 0.2953125 0.0609375 0.01875
5 0.1703125 0.3796875 0.0328125 0.0171875
5 0.1015625 0.37109375 0.04375 0.0234375
5 0.50546875 0.31484375 0.05 0.0265625
5 0.68046875 0.32890625 0.053125 0.0203125
5 0.8125 0.3265625 0.0546875 0.025
4 0.24765625 0.5078125 0.025 0.03125
9 0.5046875 0.42265625 0.14609375 0.15078125
9 0.3125 0.403125 0.16796875 0.1609375
9 0.6875 0.4171875 0.15 0.12109375
9 0.81328125 0.43671875 0.1296875 0.13359375