5 0.09375 0.28828125 0.0953125 0.0375
5 0.8015625 0.37109375 0.09375 0.03125
0 0.15078125 0.4609375 0.0546875 0.059375
0 0.16171875 0.528125 0.05625 0.05
3 0.359375 0.25625 0.084375 0.1109375
3 0.80546875 0.35078125 0.1078125 0.146875
3 0.08828125 0.28359375 0.1109375 0.1625
5 0.35625 0.26484375 0.0515625 0.021875
3 0.72421875 0.3296875 0.0671875 0.0828125
3 0.47109375 0.39296875 0.059375 0.0734375
3 0.03515625 0.409375 0.0375 0.04375
8 0.50234375 0.69375 0.0546875 0.05625
8 0.42734375 0.6875 0.05 0.053125
0 0.9296875 0.70625 0.065625 0.0578125
0 0.65625 0.48359375 0.0421875 0.0375
0 0.33125 0.4546875 0.0859375 0.0578125
8 0.71015625 0.82265625 0.096875 0.1015625
8 0.36484375 0.79609375 0.1140625 0.078125