6 0.37734375 0.41015625 0.0640625 0.0578125
6 0.47890625 0.41796875 0.04375 0.059375
6 0.75625 0.4203125 0.0484375 0.0703125
6 0.25390625 0.415625 0.0453125 0.053125
6 0.15234375 0.39609375 0.0515625 0.0546875
7 0.3796875 0.80234375 0.09375 0.0515625
4 0.43671875 0.57265625 0.028125 0.0328125
4 0.1015625 0.55859375 0.0328125 0.040625
6 0.5765625 0.41796875 0.0515625 0.0625
5 0.48046875 0.40625 0.034375 0.01875
5 0.75625 0.41484375 0.0515625 0.0171875
5 0.5671875 0.41796875 0.0328125 0.01875
1 0.37578125 0.4078125 0.0578125 0.0265625
5 0.25546875 0.4125 0.0296875 0.0140625
5 0.15234375 0.39453125 0.040625 0.0140625
4 0.275 0.5015625 0.0234375 0.0171875
4 0.27578125 0.51953125 0.0234375 0.0265625
4 0.58359375 0.446875 0.0359375 0.03125
4 0.52890625 0.56640625 0.0328125 0.0375
4 0.628125 0.5671875 0.03125 0.0234375
4 0.42109375 0.515625 0.03125 0.03125
8 0.17109375 0.70703125 0.0453125 0.040625
8 0.11171875 0.71640625 0.0375 0.0484375
8 0.54296875 0.75390625 0.0515625 0.0578125
8 0.6078125 0.7484375 0.0421875 0.05
8 0.74140625 0.7734375 0.065625 0.04375
8 0.80234375 0.7953125 0.0515625 0.059375
7 0.3328125 0.78671875 0.0390625 0.05
6 0.3140625 0.44296875 0.0296875 0.0375
7 0.271875 0.68046875 0.03125 0.0359375
7 0.31015625 0.67578125 0.0359375 0.0359375
8 0.4578125 0.72890625 0.0421875 0.04375
8 0.51015625 0.7265625 0.0359375 0.0359375
8 0.73984375 0.890625 0.0765625 0.046875
8 0.79609375 0.88125 0.0484375 0.065625
8 0.6046875 0.91328125 0.04375 0.05625
8 0.5421875 0.9140625 0.0515625 0.0625
8 0.5078125 0.93515625 0.0375 0.05
8 0.45859375 0.93671875 0.0453125 0.0453125