3 0.3375 0.3234375 0.140625 0.2
3 0.16484375 0.3078125 0.071875 0.1703125
3 0.6359375 0.32578125 0.1453125 0.2046875
3 0.73125 0.23359375 0.1171875 0.1765625
3 0.55859375 0.20625 0.1125 0.1515625
3 0.46484375 0.27734375 0.13125 0.19375
3 0.2765625 0.21953125 0.1171875 0.1546875
3 0.04140625 0.21640625 0.0796875 0.15
3 0.44453125 0.14140625 0.1078125 0.128125
3 0.31953125 0.15390625 0.0859375 0.1015625
3 0.80078125 0.22890625 0.0859375 0.153125
5 0.34375 0.34609375 0.121875 0.0484375
5 0.478125 0.28515625 0.1015625 0.0359375
5 0.6328125 0.33046875 0.1265625 0.0609375
5 0.74140625 0.23984375 0.06875 0.0359375
5 0.5703125 0.21328125 0.0984375 0.0359375
5 0.4453125 0.1578125 0.0953125 0.025
5 0.2625 0.23359375 0.08125 0.0390625
5 0.16328125 0.31640625 0.06875 0.0453125
5 0.08828125 0.31953125 0.059375 0.03125
3 0.08203125 0.30234375 0.090625 0.1734375
4 0.4046875 0.7203125 0.0890625 0.1359375
4 0.2390625 0.71953125 0.0828125 0.121875
4 0.60625 0.42265625 0.09375 0.0625
4 0.69453125 0.415625 0.09375 0.071875
4 0.02734375 0.72734375 0.0546875 0.1140625
4 0.15390625 0.709375 0.0609375 0.0984375
4 0.096875 0.7109375 0.05625 0.0984375
4 0.94296875 0.22421875 0.078125 0.1421875
4 0.68046875 0.0625 0.0703125 0.0890625
3 0.1546875 0.17109375 0.0640625 0.0984375
3 0.09609375 0.1734375 0.0640625 0.096875
3 0.75234375 0.10625 0.0765625 0.090625
3 0.621875 0.1921875 0.0671875 0.109375
3 0.6640625 0.153125 0.0921875 0.084375
3 0.82421875 0.11328125 0.071875 0.0671875
3 0.925 0.12265625 0.0703125 0.08125
3 0.36015625 0.12578125 0.059375 0.0875
3 0.41171875 0.08046875 0.0671875 0.084375
6 0.19609375 0.06640625 0.0484375 0.05625
8 0.5296875 0.90625 0.0953125 0.1140625
8 0.75234375 0.89765625 0.1125 0.1265625
7 0.43046875 0.91171875 0.0984375 0.090625
7 0.22578125 0.89609375 0.1015625 0.078125