6 0.44765625 0.503125 0.1546875 0.2359375
5 0.271875 0.29609375 0.09375 0.0390625
5 0.571875 0.31875 0.096875 0.0359375
5 0.75390625 0.3390625 0.096875 0.03125
3 0.26953125 0.29453125 0.1453125 0.19375
3 0.575 0.30390625 0.121875 0.1765625
3 0.75859375 0.33515625 0.1 0.1625
4 0.8625 0.63828125 0.0875 0.0734375
5 0.44765625 0.49296875 0.1203125 0.04375
4 0.540625 0.553125 0.0796875 0.08125
4 0.69140625 0.64453125 0.06875 0.0765625
9 0.43125 0.7859375 0.35 0.428125
9 0.78359375 0.5359375 0.19140625 0.2703125
9 0.5890625 0.52734375 0.215625 0.321875