6 0.45390625 0.3453125 0.125 0.1171875
3 0.61640625 0.234375 0.0984375 0.1171875
3 0.73125 0.54375 0.078125 0.109375
0 0.49140625 0.4578125 0.0484375 0.0625
0 0.68359375 0.3953125 0.059375 0.0578125
3 0.61796875 0.0890625 0.09375 0.121875
3 0.48671875 0.26484375 0.11875 0.08125
0 0.38671875 0.55078125 0.065625 0.0734375
0 0.38984375 0.49921875 0.0609375 0.0625
8 0.30078125 0.721875 0.109375 0.065625
7 0.5453125 0.6421875 0.0734375 0.084375
0 0.746875 0.66953125 0.0421875 0.0625
0 0.853125 0.64375 0.0625 0.0484375
5 0.453125 0.35859375 0.0484375 0.05625