6 0.4203125 0.38515625 0.065625 0.0765625
6 0.50859375 0.38359375 0.0546875 0.071875
6 0.21640625 0.328125 0.0859375 0.1
6 0.609375 0.365625 0.0640625 0.071875
6 0.73671875 0.3515625 0.078125 0.0859375
6 0.85 0.35703125 0.1109375 0.1109375
4 0.40546875 0.49921875 0.046875 0.040625
4 0.36640625 0.41796875 0.0375 0.0671875
4 0.2359375 0.4984375 0.0609375 0.0625
5 0.4234375 0.38828125 0.0625 0.0234375
5 0.228125 0.3375 0.065625 0.03125
5 0.50625 0.38125 0.0546875 0.0203125
5 0.60859375 0.365625 0.0625 0.025
6 0.08203125 0.30625 0.1640625 0.1703125
1 0.82578125 0.3625 0.0703125 0.03125
1 0.73046875 0.35078125 0.0734375 0.0359375
6 0.2171875 0.11484375 0.0875 0.0984375
6 0.08125 0.1265625 0.1625 0.19375
6 0.41875 0.0515625 0.0609375 0.0734375
6 0.5109375 0.05546875 0.065625 0.0765625
6 0.61796875 0.071875 0.0765625 0.09375
6 0.73125 0.08984375 0.084375 0.1046875
6 0.85 0.078125 0.1109375 0.11875
6 0.803125 0.340625 0.0515625 0.0859375
1 0.72734375 0.084375 0.0703125 0.0296875
1 0.825 0.07265625 0.0734375 0.046875
5 0.60234375 0.075 0.0515625 0.0375
5 0.4984375 0.0578125 0.0375 0.025
5 0.41875 0.0484375 0.0515625 0.0265625
5 0.2296875 0.10703125 0.0609375 0.034375
4 0.36328125 0.03359375 0.0359375 0.053125
9 0.22265625 0.51171875 0.1765625 0.27890625
9 0.12421875 0.68125 0.2484375 0.575
9 0.84375 0.52109375 0.12265625 0.22578125
9 0.73515625 0.5109375 0.16875 0.2640625
9 0.62109375 0.496875 0.13515625 0.1953125
9 0.5109375 0.4765625 0.0828125 0.15625