5 0.90625 0.28828125 0.0953125 0.0375
5 0.1984375 0.37109375 0.09375 0.03125
0 0.84921875 0.4609375 0.0546875 0.059375
0 0.83828125 0.528125 0.05625 0.05
3 0.640625 0.25625 0.084375 0.1109375
3 0.19453125 0.35078125 0.1078125 0.146875
3 0.91171875 0.28359375 0.1109375 0.1625
5 0.64375 0.26484375 0.0515625 0.021875
3 0.27578125 0.3296875 0.0671875 0.0828125
3 0.52890625 0.39296875 0.059375 0.0734375
3 0.96484375 0.409375 0.0375 0.04375
8 0.49765625 0.69375 0.0546875 0.05625
8 0.57265625 0.6875 0.05 0.053125
0 0.0703125 0.70625 0.065625 0.0578125
0 0.34375 0.48359375 0.0421875 0.0375
0 0.66875 0.4546875 0.0859375 0.0578125
8 0.28984375 0.82265625 0.096875 0.1015625
8 0.63515625 0.79609375 0.1140625 0.078125