3 0.140625 0.3234375 0.1015625 0.1171875
3 0.4546875 0.38203125 0.0609375 0.0796875
3 0.28828125 0.37578125 0.0625 0.084375
3 0.675 0.36796875 0.05625 0.0734375
3 0.8015625 0.37578125 0.071875 0.0890625
3 0.74296875 0.37890625 0.0453125 0.0671875
6 0.5578125 0.3953125 0.0484375 0.0546875
4 0.4125 0.48828125 0.0421875 0.0296875
4 0.5390625 0.53984375 0.025 0.0296875
4 0.61640625 0.55390625 0.0234375 0.0265625
6 0.6453125 0.3765625 0.0296875 0.0484375
6 0.32421875 0.3703125 0.0328125 0.046875
6 0.3515625 0.371875 0.028125 0.046875
4 0.340625 0.509375 0.034375 0.034375
4 0.7234375 0.5609375 0.03125 0.0265625
4 0.87265625 0.6203125 0.040625 0.04375
8 0.4203125 0.76015625 0.0578125 0.059375
8 0.509375 0.690625 0.04375 0.03125
8 0.56953125 0.6984375 0.04375 0.0390625
8 0.28671875 0.7375 0.0625 0.0484375
8 0.3140625 0.7125 0.059375 0.04375
8 0.6453125 0.72265625 0.040625 0.0484375
8 0.68359375 0.71796875 0.0421875 0.05
8 0.771875 0.7578125 0.06875 0.0515625
8 0.8234375 0.8 0.0421875 0.0578125
8 0.81953125 0.86953125 0.0453125 0.0578125
8 0.76953125 0.90859375 0.075 0.0625
8 0.1953125 0.80859375 0.0703125 0.059375
8 0.19140625 0.865625 0.090625 0.0546875
8 0.2921875 0.92265625 0.0453125 0.0453125
8 0.31796875 0.95078125 0.0578125 0.0359375
8 0.41640625 0.90625 0.0625 0.0515625
8 0.453125 0.93046875 0.065625 0.0515625
8 0.57265625 0.96171875 0.04375 0.0359375
8 0.51171875 0.96875 0.05 0.0390625
8 0.6453125 0.94296875 0.0421875 0.0453125
8 0.6859375 0.9453125 0.034375 0.0453125
8 0.35625 0.6515625 0.04375 0.034375
5 0.15625 0.334375 0.0640625 0.03125
5 0.2953125 0.3796875 0.05 0.0265625
1 0.45 0.384375 0.0421875 0.03125
1 0.55546875 0.3953125 0.046875 0.0203125
5 0.796875 0.384375 0.046875 0.01875
5 0.74453125 0.3828125 0.0375 0.0171875
5 0.67578125 0.37578125 0.046875 0.0203125
9 0.83515625 0.540625 0.1671875 0.24296875
9 0.67734375 0.503125 0.1640625 0.2109375
9 0.140625 0.54453125 0.13671875 0.35
9 0.43046875 0.51640625 0.11328125 0.20703125
9 0.28125 0.49296875 0.1625 0.23984375
9 0.55234375 0.51171875 0.11328125 0.16015625