3 0.73984375 0.3609375 0.1578125 0.19375
3 0.165625 0.4875 0.096875 0.1234375
3 0.1109375 0.42890625 0.0515625 0.075
3 0.2515625 0.49453125 0.0796875 0.1171875
3 0.3640625 0.49375 0.06875 0.08125
3 0.43359375 0.49296875 0.0640625 0.0625
3 0.49296875 0.4828125 0.0640625 0.059375
3 0.3328125 0.453125 0.03125 0.0359375
5 0.17734375 0.51328125 0.0578125 0.03125
4 0.4671875 0.68671875 0.0609375 0.059375
6 0.046875 0.40234375 0.040625 0.0515625
6 0.01953125 0.46171875 0.0390625 0.0609375
3 0.6578125 0.41015625 0.059375 0.0640625
0 0.2125 0.71796875 0.059375 0.046875
0 0.4296875 0.61796875 0.0421875 0.04375
1 0.740625 0.365625 0.121875 0.053125
5 0.66171875 0.4140625 0.040625 0.0296875
5 0.3546875 0.51015625 0.0390625 0.0375