6 0.33046875 0.3828125 0.078125 0.0765625
6 0.684375 0.40078125 0.059375 0.0828125
4 0.67734375 0.54453125 0.06875 0.0453125
4 0.30859375 0.49921875 0.046875 0.04375
4 0.3484375 0.5171875 0.0390625 0.0375
5 0.33515625 0.38359375 0.0578125 0.028125
5 0.68515625 0.39609375 0.059375 0.028125
8 0.178125 0.71796875 0.059375 0.0625
8 0.3 0.6671875 0.0546875 0.0625
8 0.73671875 0.7234375 0.0625 0.0671875
8 0.81171875 0.72890625 0.0515625 0.059375
9 0.2953125 0.5015625 0.15625 0.1921875
9 0.70546875 0.50859375 0.2109375 0.16015625