7 0.58515625 0.7921875 0.0546875 0.1046875
7 0.64140625 0.78671875 0.0515625 0.0890625
4 0.3953125 0.675 0.0734375 0.0734375
4 0.70703125 0.334375 0.028125 0.03125
4 0.840625 0.453125 0.021875 0.03125
5 0.42265625 0.43125 0.0703125 0.053125
3 0.4109375 0.41484375 0.1140625 0.1
3 0.52109375 0.278125 0.0546875 0.08125
3 0.825 0.3015625 0.0578125 0.0703125
3 0.51953125 0.0578125 0.0640625 0.0734375
3 0.8234375 0.04375 0.0546875 0.059375
6 0.96015625 0.2296875 0.03125 0.0375
0 0.590625 0.30078125 0.03125 0.0359375
0 0.59609375 0.04140625 0.034375 0.0328125
0 0.70625 0.0125 0.028125 0.025
9 0.54765625 0.521875 0.22578125 0.20703125