6 0.43984375 0.36640625 0.0875 0.1
6 0.14609375 0.36875 0.1109375 0.13125
6 0.81171875 0.3703125 0.11875 0.125
6 0.70546875 0.39765625 0.0859375 0.090625
4 0.6625 0.61953125 0.0515625 0.0625
4 0.1734375 0.521875 0.0921875 0.05625
4 0.290625 0.52421875 0.0953125 0.046875
4 0.35234375 0.6734375 0.0421875 0.040625
5 0.4421875 0.36953125 0.078125 0.0296875
5 0.171875 0.38125 0.071875 0.0265625
5 0.7046875 0.3921875 0.0765625 0.0359375
1 0.80390625 0.3796875 0.0828125 0.0390625
4 0.5296875 0.6875 0.0421875 0.034375
6 0.2796875 0.4453125 0.0453125 0.0546875
6 0.53203125 0.41953125 0.059375 0.0625
6 0.37734375 0.415625 0.0546875 0.053125
8 0.28125 0.6640625 0.034375 0.034375
8 0.25859375 0.72265625 0.0421875 0.040625
8 0.61953125 0.71171875 0.05 0.0375
9 0.134375 0.57734375 0.19921875 0.34140625
9 0.875 0.57421875 0.16796875 0.2953125