6 0.40625 0.30234375 0.0375 0.04375
6 0.4984375 0.315625 0.0375 0.0421875
6 0.565625 0.3078125 0.0359375 0.0359375
6 0.60234375 0.3296875 0.0390625 0.0375
6 0.68984375 0.3078125 0.04375 0.053125
4 0.721875 0.4703125 0.03125 0.0328125
6 0.6265625 0.30234375 0.0359375 0.0390625
6 0.8 0.29453125 0.0421875 0.0484375
6 0.83046875 0.3109375 0.028125 0.0296875
6 0.77421875 0.31015625 0.025 0.034375
0 0.6546875 0.46171875 0.0203125 0.0375
8 0.39375 0.53828125 0.034375 0.03125
8 0.4359375 0.53671875 0.0265625 0.028125
8 0.52265625 0.54609375 0.03125 0.028125
8 0.496875 0.5265625 0.025 0.028125
8 0.56328125 0.54140625 0.028125 0.025
8 0.5890625 0.56875 0.0375 0.03125
8 0.64609375 0.56875 0.028125 0.034375
8 0.66171875 0.5875 0.05 0.03125
8 0.69609375 0.60703125 0.05 0.0328125
8 0.7859375 0.584375 0.0421875 0.03125
8 0.7609375 0.53828125 0.04375 0.025
5 0.5625 0.30546875 0.0359375 0.009375
5 0.49765625 0.31484375 0.028125 0.0078125
5 0.40859375 0.3015625 0.03125 0.009375
5 0.68515625 0.3078125 0.034375 0.01875
5 0.6015625 0.32890625 0.034375 0.0140625
5 0.628125 0.3015625 0.0234375 0.0109375
9 0.403125 0.384375 0.11171875 0.1125
9 0.809375 0.37578125 0.10546875 0.1640625
9 0.7 0.39140625 0.06796875 0.13984375
9 0.6125 0.40234375 0.0953125 0.128125
9 0.4984375 0.38046875 0.084375 0.115625