6 0.4296875 0.3984375 0.0953125 0.090625
6 0.615625 0.42109375 0.0625 0.0609375
6 0.7890625 0.4046875 0.0609375 0.071875
6 0.97421875 0.4109375 0.0515625 0.09375
6 0.24921875 0.415625 0.0640625 0.0875
6 0.18046875 0.4234375 0.084375 0.075
4 0.35078125 0.5609375 0.04375 0.04375
4 0.9609375 0.62265625 0.0625 0.046875
5 0.784375 0.41015625 0.059375 0.0265625
5 0.61640625 0.4234375 0.059375 0.021875
1 0.25078125 0.42578125 0.040625 0.025
8 0.678125 0.80625 0.05625 0.0625
8 0.84296875 0.83203125 0.0640625 0.0671875
8 0.784375 0.803125 0.0640625 0.04375
8 0.59140625 0.7828125 0.0734375 0.0484375
8 0.67421875 0.9375 0.040625 0.059375
8 0.590625 0.95703125 0.0734375 0.046875
8 0.78359375 0.93984375 0.0640625 0.053125
8 0.840625 0.915625 0.059375 0.0609375
1 0.97578125 0.41953125 0.0484375 0.0296875
9 0.81640625 0.54921875 0.1296875 0.21015625
9 0.18828125 0.61875 0.1796875 0.28046875
9 0.9453125 0.5515625 0.109375 0.221875
9 0.6359375 0.56171875 0.1328125 0.18515625
9 0.4484375 0.56484375 0.17734375 0.246875