3 0.14375 0.4328125 0.08125 0.1140625
3 0.24140625 0.3953125 0.0734375 0.0984375
3 0.33046875 0.4296875 0.0640625 0.08125
6 0.40390625 0.4140625 0.053125 0.0578125
6 0.6296875 0.38125 0.0515625 0.0609375
6 0.7671875 0.384375 0.046875 0.05625
1 0.7609375 0.38359375 0.04375 0.0203125
8 0.68515625 0.76484375 0.0671875 0.0578125
6 0.59765625 0.4015625 0.0515625 0.0625
6 0.7125 0.42265625 0.0484375 0.0671875
4 0.07578125 0.5703125 0.0484375 0.0484375
4 0.6203125 0.51875 0.05 0.028125
4 0.53984375 0.49921875 0.0359375 0.03125
4 0.76015625 0.56953125 0.025 0.0265625
4 0.81875 0.5359375 0.0328125 0.03125
4 0.33125 0.45390625 0.03125 0.0359375
6 0.22109375 0.44296875 0.0359375 0.040625
6 0.19765625 0.44765625 0.025 0.0421875
3 0.09375 0.44453125 0.0390625 0.0390625
5 0.625 0.38984375 0.0453125 0.021875
5 0.59140625 0.40703125 0.04375 0.0234375
5 0.4078125 0.41015625 0.0359375 0.01875
5 0.23203125 0.4078125 0.05625 0.028125
5 0.13984375 0.44140625 0.0671875 0.028125
8 0.7453125 0.7140625 0.0375 0.05
8 0.78671875 0.6828125 0.04375 0.0390625
8 0.4421875 0.7015625 0.05625 0.0359375
8 0.578125 0.715625 0.05 0.0375
8 0.6078125 0.73515625 0.0515625 0.0390625
8 0.64140625 0.7484375 0.04375 0.04375
8 0.38125 0.78359375 0.040625 0.0578125
8 0.35703125 0.78046875 0.0515625 0.0453125
8 0.4171875 0.73203125 0.046875 0.0390625
8 0.68359375 0.9015625 0.053125 0.053125
8 0.378125 0.87890625 0.0375 0.0421875
8 0.4140625 0.93203125 0.046875 0.040625
8 0.4390625 0.9609375 0.0640625 0.0375
8 0.74375 0.95078125 0.05 0.0359375
8 0.6390625 0.91328125 0.04375 0.03125
8 0.6078125 0.925 0.0328125 0.0328125
8 0.5796875 0.94765625 0.04375 0.025
8 0.78515625 0.98203125 0.0390625 0.0359375
4 0.4828125 0.50546875 0.025 0.028125
9 0.278125 0.53984375 0.16171875 0.2046875
9 0.13515625 0.58515625 0.16953125 0.2390625
9 0.66328125 0.48671875 0.12421875 0.17109375
9 0.4078125 0.51484375 0.10703125 0.16484375