3 0.8484375 0.41796875 0.053125 0.0703125
3 0.8 0.40390625 0.053125 0.0703125
3 0.7546875 0.41796875 0.0421875 0.0453125
4 0.5953125 0.553125 0.0265625 0.0296875
3 0.64375 0.42109375 0.0546875 0.06875
3 0.571875 0.3875 0.05 0.0609375
3 0.478125 0.39453125 0.0390625 0.0546875
3 0.4328125 0.35625 0.046875 0.0625
3 0.3671875 0.33359375 0.04375 0.05625
3 0.26796875 0.3359375 0.053125 0.0640625
3 0.3953125 0.334375 0.0390625 0.0515625
3 0.22421875 0.32734375 0.0390625 0.053125
3 0.5015625 0.4 0.03125 0.0390625
5 0.8484375 0.42890625 0.0453125 0.015625
5 0.7984375 0.4140625 0.040625 0.015625
5 0.6453125 0.43046875 0.0421875 0.015625
5 0.42890625 0.36484375 0.0390625 0.0203125
5 0.3671875 0.34140625 0.040625 0.0171875
0 0.21484375 0.34296875 0.0359375 0.034375
8 0.25390625 0.63671875 0.0453125 0.046875
8 0.20390625 0.6203125 0.03125 0.0390625
8 0.29609375 0.63046875 0.0546875 0.04375
8 0.35546875 0.64921875 0.04375 0.05
8 0.39609375 0.65078125 0.040625 0.0390625
8 0.73203125 0.7046875 0.05625 0.040625
8 0.90078125 0.6765625 0.0375 0.0390625
8 0.6296875 0.7125 0.0390625 0.0390625
5 0.27109375 0.34375 0.0390625 0.021875
4 0.77265625 0.46015625 0.0296875 0.0265625