6 0.4953125 0.36796875 0.0890625 0.1265625
6 0.3546875 0.38046875 0.1078125 0.115625
6 0.2484375 0.40078125 0.053125 0.0890625
4 0.753125 0.3515625 0.10625 0.05
4 0.70078125 0.77578125 0.065625 0.0671875
1 0.49453125 0.3625 0.08125 0.04375
5 0.36640625 0.38125 0.0828125 0.05
5 0.2484375 0.4015625 0.0609375 0.03125
6 0.7984375 0.36875 0.1171875 0.1390625
1 0.81796875 0.35859375 0.0796875 0.0390625
4 0.234375 0.746875 0.05 0.0625
9 0.33046875 0.59375 0.2109375 0.32421875
9 0.5234375 0.5578125 0.221875 0.27734375
9 0.79921875 0.58125 0.21640625 0.3109375