3 0.51640625 0.378125 0.1125 0.165625
3 0.628125 0.365625 0.1046875 0.1203125
5 0.51875 0.39921875 0.09375 0.0296875
5 0.62578125 0.36796875 0.078125 0.0421875
4 0.53671875 0.74921875 0.05 0.0703125
4 0.56640625 0.65078125 0.0453125 0.0625
4 0.609375 0.62265625 0.05625 0.0515625
4 0.66875 0.72265625 0.0484375 0.078125
4 0.67109375 0.83671875 0.059375 0.0921875
4 0.56171875 0.9078125 0.0546875 0.0734375
4 0.61796875 0.93515625 0.075 0.0609375
3 0.521875 0.07109375 0.1125 0.1421875
3 0.63359375 0.0640625 0.1078125 0.128125
5 0.6265625 0.07109375 0.084375 0.0296875
5 0.5171875 0.0515625 0.0953125 0.0390625