3 0.59921875 0.53046875 0.05 0.0578125
3 0.16171875 0.55390625 0.0515625 0.053125
3 0.0390625 0.503125 0.0484375 0.0578125
3 0.7859375 0.5359375 0.04375 0.0515625
3 0.3890625 0.41171875 0.04375 0.0546875
3 0.3453125 0.29453125 0.03125 0.0328125
3 0.31640625 0.2703125 0.028125 0.0421875
3 0.5640625 0.42265625 0.0484375 0.0609375
3 0.62265625 0.4265625 0.0453125 0.053125
3 0.790625 0.42890625 0.0515625 0.059375
3 0.83984375 0.41953125 0.0390625 0.04375
3 0.77421875 0.40625 0.0359375 0.040625
3 0.34140625 0.04140625 0.028125 0.0328125
3 0.3171875 0.06796875 0.03125 0.034375
8 0.73515625 0.80234375 0.0546875 0.040625
8 0.59921875 0.81484375 0.065625 0.034375
8 0.7984375 0.80078125 0.04375 0.0359375
8 0.79453125 0.85703125 0.0390625 0.04375
8 0.7375 0.85859375 0.059375 0.040625
8 0.3265625 0.48203125 0.0296875 0.0265625
8 0.27890625 0.4703125 0.0328125 0.0296875
4 0.76875 0.4953125 0.0390625 0.0296875
4 0.4 0.46640625 0.028125 0.03125
4 0.090625 0.65 0.0265625 0.028125
9 0.58125 0.621875 0.0734375 0.13203125
9 0.16015625 0.65078125 0.0796875 0.1421875