4 0.3640625 0.5921875 0.059375 0.0671875
4 0.5734375 0.67421875 0.0703125 0.0828125
0 0.10859375 0.51171875 0.0609375 0.0515625
0 0.2875 0.45078125 0.0390625 0.04375
0 0.1703125 0.47265625 0.04375 0.0640625
3 0.49453125 0.425 0.13125 0.1328125
3 0.121875 0.2921875 0.0796875 0.109375
3 0.42890625 0.25390625 0.0703125 0.0828125
3 0.02578125 0.27734375 0.0515625 0.078125
0 0.6578125 0.6296875 0.059375 0.0546875
5 0.43203125 0.2671875 0.0484375 0.0234375
3 0.78046875 0.38828125 0.05625 0.071875
3 0.44140625 0.3375 0.059375 0.05625
3 0.28203125 0.2890625 0.04375 0.04375
3 0.28203125 0.04375 0.028125 0.0453125
3 0.42734375 0.08203125 0.0828125 0.065625
3 0.03046875 0.053125 0.0609375 0.0796875
3 0.125 0.04921875 0.0703125 0.0984375
3 0.18046875 0.04609375 0.0734375 0.0765625
3 0.1875 0.28671875 0.0671875 0.075
3 0.5578125 0.475 0.071875 0.1125
8 0.2765625 0.621875 0.0515625 0.065625
8 0.26484375 0.60546875 0.0515625 0.053125
8 0.6390625 0.77578125 0.0859375 0.121875