5 0.46328125 0.2296875 0.0515625 0.01875
5 0.25546875 0.22265625 0.059375 0.0234375
5 0.0296875 0.20703125 0.059375 0.025
5 0.6703125 0.23671875 0.059375 0.0234375
5 0.18359375 0.259375 0.0703125 0.025
3 0.18125 0.24609375 0.065625 0.109375
3 0.25390625 0.20625 0.096875 0.1359375
3 0.4625 0.225 0.078125 0.0984375
3 0.68046875 0.23515625 0.09375 0.115625
3 0.03125 0.2 0.0625 0.0921875
4 0.35625 0.5453125 0.04375 0.0546875
4 0.0734375 0.4546875 0.0390625 0.0359375
8 0.3625 0.815625 0.0609375 0.08125
8 0.24375 0.77421875 0.090625 0.0734375
4 0.19609375 0.546875 0.040625 0.04375
4 0.678125 0.50546875 0.1109375 0.08125
4 0.896875 0.540625 0.1359375 0.0859375
3 0.84609375 0.209375 0.19375 0.259375
3 0.9546875 0.25078125 0.0796875 0.1078125
5 0.95078125 0.2609375 0.053125 0.028125
8 0.51015625 0.70625 0.0453125 0.071875
8 0.43671875 0.678125 0.05625 0.0578125
8 0.10625 0.66875 0.059375 0.08125
8 0.03984375 0.6390625 0.0796875 0.053125
8 0.1953125 0.68203125 0.0828125 0.0515625
8 0.9375 0.7546875 0.059375 0.0828125
3 0.321875 0.22109375 0.0484375 0.0671875
3 0.5078125 0.209375 0.0453125 0.08125
6 0.56640625 0.228125 0.0328125 0.040625
6 0.3953125 0.21796875 0.0359375 0.0375
9 0.77421875 0.54140625 0.32890625 0.475
9 0.28203125 0.44375 0.25703125 0.3234375
9 0.059375 0.35234375 0.11875 0.22265625
9 0.47421875 0.3734375 0.1671875 0.2265625