3 0.6578125 0.41171875 0.0828125 0.10625
3 0.48046875 0.43203125 0.065625 0.0953125
3 0.15546875 0.4203125 0.1359375 0.1640625
3 0.38828125 0.46953125 0.059375 0.0875
3 0.2375 0.4296875 0.0515625 0.034375
5 0.66328125 0.4203125 0.05625 0.021875
5 0.2390625 0.453125 0.04375 0.0171875
5 0.48125 0.43828125 0.046875 0.0234375
4 0.7359375 0.58984375 0.0703125 0.046875
4 0.54296875 0.6703125 0.0390625 0.0390625
4 0.35 0.65390625 0.034375 0.028125
4 0.30078125 0.6328125 0.0375 0.0375
3 0.4109375 0.434375 0.0375 0.053125
3 0.0171875 0.4125 0.034375 0.1078125
5 0.3890625 0.46875 0.0515625 0.01875
1 0.15625 0.41953125 0.10625 0.0296875
5 0.0140625 0.41328125 0.028125 0.0265625