4 0.2484375 0.58203125 0.06875 0.0578125
3 0.125 0.45859375 0.1234375 0.1515625
3 0.871875 0.3390625 0.0734375 0.0828125
3 0.4125 0.22578125 0.075 0.0953125
0 0.61953125 0.60859375 0.0828125 0.0765625
3 0.6234375 0.32578125 0.115625 0.1625
3 0.4046875 0.109375 0.0921875 0.090625
3 0.55625 0.04765625 0.0671875 0.084375
3 0.55234375 0.28359375 0.0625 0.0859375
4 0.225 0.55859375 0.0640625 0.0359375
0 0.47265625 0.409375 0.0546875 0.0484375
0 0.64765625 0.59921875 0.0546875 0.05
5 0.86171875 0.34375 0.0453125 0.025
5 0.42421875 0.23359375 0.04375 0.034375
5 0.41875 0.0984375 0.0515625 0.03125
5 0.1453125 0.47578125 0.0765625 0.034375
5 0.60703125 0.34140625 0.0484375 0.0640625
8 0.86015625 0.70390625 0.053125 0.075
9 0.725 0.45390625 0.2703125 0.2640625