3 0.85625 0.4328125 0.08125 0.1140625
3 0.75859375 0.3953125 0.0734375 0.0984375
3 0.66953125 0.4296875 0.0640625 0.08125
6 0.59609375 0.4140625 0.053125 0.0578125
6 0.3703125 0.38125 0.0515625 0.0609375
6 0.2328125 0.384375 0.046875 0.05625
1 0.2390625 0.38359375 0.04375 0.0203125
8 0.31484375 0.76484375 0.0671875 0.0578125
6 0.40234375 0.4015625 0.0515625 0.0625
6 0.2875 0.42265625 0.0484375 0.0671875
4 0.92421875 0.5703125 0.0484375 0.0484375
4 0.3796875 0.51875 0.05 0.028125
4 0.46015625 0.49921875 0.0359375 0.03125
4 0.23984375 0.56953125 0.025 0.0265625
4 0.18125 0.5359375 0.0328125 0.03125
4 0.66875 0.45390625 0.03125 0.0359375
6 0.77890625 0.44296875 0.0359375 0.040625
6 0.80234375 0.44765625 0.025 0.0421875
3 0.90625 0.44453125 0.0390625 0.0390625
5 0.375 0.38984375 0.0453125 0.021875
5 0.40859375 0.40703125 0.04375 0.0234375
5 0.5921875 0.41015625 0.0359375 0.01875
5 0.76796875 0.4078125 0.05625 0.028125
5 0.86015625 0.44140625 0.0671875 0.028125
8 0.2546875 0.7140625 0.0375 0.05
8 0.21328125 0.6828125 0.04375 0.0390625
8 0.5578125 0.7015625 0.05625 0.0359375
8 0.421875 0.715625 0.05 0.0375
8 0.3921875 0.73515625 0.0515625 0.0390625
8 0.35859375 0.7484375 0.04375 0.04375
8 0.61875 0.78359375 0.040625 0.0578125
8 0.64296875 0.78046875 0.0515625 0.0453125
8 0.5828125 0.73203125 0.046875 0.0390625
8 0.31640625 0.9015625 0.053125 0.053125
8 0.621875 0.87890625 0.0375 0.0421875
8 0.5859375 0.93203125 0.046875 0.040625
8 0.5609375 0.9609375 0.0640625 0.0375
8 0.25625 0.95078125 0.05 0.0359375
8 0.3609375 0.91328125 0.04375 0.03125
8 0.3921875 0.925 0.0328125 0.0328125
8 0.4203125 0.94765625 0.04375 0.025
8 0.21484375 0.98203125 0.0390625 0.0359375
4 0.5171875 0.50546875 0.025 0.028125
9 0.721875 0.53984375 0.16171875 0.2046875
9 0.86484375 0.58515625 0.16953125 0.2390625
9 0.33671875 0.48671875 0.12421875 0.17109375
9 0.5921875 0.51484375 0.10703125 0.16484375