3 0.859375 0.3234375 0.1015625 0.1171875
3 0.5453125 0.38203125 0.0609375 0.0796875
3 0.71171875 0.37578125 0.0625 0.084375
3 0.325 0.36796875 0.05625 0.0734375
3 0.1984375 0.37578125 0.071875 0.0890625
3 0.25703125 0.37890625 0.0453125 0.0671875
6 0.4421875 0.3953125 0.0484375 0.0546875
4 0.5875 0.48828125 0.0421875 0.0296875
4 0.4609375 0.53984375 0.025 0.0296875
4 0.38359375 0.55390625 0.0234375 0.0265625
6 0.3546875 0.3765625 0.0296875 0.0484375
6 0.67578125 0.3703125 0.0328125 0.046875
6 0.6484375 0.371875 0.028125 0.046875
4 0.659375 0.509375 0.034375 0.034375
4 0.2765625 0.5609375 0.03125 0.0265625
4 0.12734375 0.6203125 0.040625 0.04375
8 0.5796875 0.76015625 0.0578125 0.059375
8 0.490625 0.690625 0.04375 0.03125
8 0.43046875 0.6984375 0.04375 0.0390625
8 0.71328125 0.7375 0.0625 0.0484375
8 0.6859375 0.7125 0.059375 0.04375
8 0.3546875 0.72265625 0.040625 0.0484375
8 0.31640625 0.71796875 0.0421875 0.05
8 0.228125 0.7578125 0.06875 0.0515625
8 0.1765625 0.8 0.0421875 0.0578125
8 0.18046875 0.86953125 0.0453125 0.0578125
8 0.23046875 0.90859375 0.075 0.0625
8 0.8046875 0.80859375 0.0703125 0.059375
8 0.80859375 0.865625 0.090625 0.0546875
8 0.7078125 0.92265625 0.0453125 0.0453125
8 0.68203125 0.95078125 0.0578125 0.0359375
8 0.58359375 0.90625 0.0625 0.0515625
8 0.546875 0.93046875 0.065625 0.0515625
8 0.42734375 0.96171875 0.04375 0.0359375
8 0.48828125 0.96875 0.05 0.0390625
8 0.3546875 0.94296875 0.0421875 0.0453125
8 0.3140625 0.9453125 0.034375 0.0453125
8 0.64375 0.6515625 0.04375 0.034375
5 0.84375 0.334375 0.0640625 0.03125
5 0.7046875 0.3796875 0.05 0.0265625
1 0.55 0.384375 0.0421875 0.03125
1 0.44453125 0.3953125 0.046875 0.0203125
5 0.203125 0.384375 0.046875 0.01875
5 0.25546875 0.3828125 0.0375 0.0171875
5 0.32421875 0.37578125 0.046875 0.0203125
9 0.16484375 0.540625 0.1671875 0.24296875
9 0.32265625 0.503125 0.1640625 0.2109375
9 0.859375 0.54453125 0.13671875 0.35
9 0.56953125 0.51640625 0.11328125 0.20703125
9 0.71875 0.49296875 0.1625 0.23984375
9 0.44765625 0.51171875 0.11328125 0.16015625