3 0.565625 0.3453125 0.046875 0.0515625
3 0.44921875 0.35390625 0.0484375 0.0453125
3 0.375 0.39375 0.0421875 0.04375
3 0.24765625 0.36875 0.0453125 0.0484375
3 0.178125 0.38046875 0.040625 0.0390625
3 0.71328125 0.3125 0.0484375 0.0453125
8 0.46796875 0.58203125 0.040625 0.0640625
8 0.59296875 0.57890625 0.0390625 0.0703125
8 0.5578125 0.5765625 0.03125 0.0671875
8 0.43984375 0.58125 0.021875 0.05625
8 0.36640625 0.58984375 0.0453125 0.0546875
8 0.2484375 0.57421875 0.025 0.040625
8 0.23046875 0.578125 0.01875 0.0453125
8 0.7765625 0.60078125 0.0328125 0.0453125
8 0.71484375 0.60234375 0.0375 0.0453125
8 0.18828125 0.584375 0.025 0.034375
8 0.1640625 0.58125 0.0234375 0.0359375
4 0.634375 0.4609375 0.028125 0.028125