3 0.56328125 0.3765625 0.1015625 0.128125
5 0.74921875 0.37890625 0.10625 0.0375
0 0.634375 0.73203125 0.046875 0.0890625
4 0.3390625 0.73046875 0.0390625 0.0625
5 0.284375 0.38828125 0.0765625 0.025
5 0.5546875 0.378125 0.078125 0.0296875
3 0.26875 0.38984375 0.13125 0.1453125
3 0.74765625 0.371875 0.115625 0.1453125
3 0.70546875 0.41640625 0.05625 0.1078125
0 0.478125 0.3734375 0.0671875 0.0625
0 0.63359375 0.925 0.0515625 0.090625
4 0.3390625 0.9171875 0.05 0.0671875
3 0.12265625 0.365625 0.140625 0.190625
5 0.15078125 0.3765625 0.0796875 0.0453125
9 0.1296875 0.65859375 0.259375 0.4046875
9 0.78515625 0.6046875 0.24296875 0.31640625