3 0.6640625 0.29375 0.0671875 0.096875
3 0.4921875 0.31484375 0.0609375 0.0875
3 0.89609375 0.3640625 0.053125 0.075
3 0.3171875 0.31796875 0.0578125 0.08125
4 0.54296875 0.528125 0.0375 0.0515625
4 0.29296875 0.41171875 0.0546875 0.0234375
4 0.9046875 0.4328125 0.0328125 0.0328125
4 0.21875 0.50390625 0.0328125 0.053125
4 0.1109375 0.49375 0.0328125 0.0453125
4 0.671875 0.45390625 0.0515625 0.0453125
8 0.6375 0.78359375 0.0609375 0.071875
3 0.1859375 0.325 0.059375 0.078125
4 0.88828125 0.46171875 0.034375 0.028125
4 0.6328125 0.45546875 0.0390625 0.0515625
4 0.38515625 0.51015625 0.028125 0.0390625
4 0.0109375 0.50859375 0.021875 0.0515625
8 0.6984375 0.74140625 0.0421875 0.046875
8 0.44609375 0.75625 0.0453125 0.0671875
8 0.50859375 0.71796875 0.053125 0.0578125
8 0.3265625 0.734375 0.0390625 0.0515625
8 0.175 0.696875 0.053125 0.05
8 0.0453125 0.6671875 0.05625 0.0546875
8 0.59296875 0.67734375 0.0390625 0.04375
8 0.56328125 0.6453125 0.0328125 0.0359375
7 0.8 0.65390625 0.028125 0.046875
7 0.81953125 0.6453125 0.028125 0.034375
7 0.8578125 0.73359375 0.0359375 0.0421875
7 0.89921875 0.70234375 0.0328125 0.0390625
3 0.825 0.37578125 0.053125 0.0703125
3 0.92890625 0.3671875 0.034375 0.0515625
3 0.790625 0.36953125 0.0328125 0.0484375
3 0.3875 0.3421875 0.0375 0.05
3 0.590625 0.34296875 0.05 0.0703125
6 0.41953125 0.34453125 0.0296875 0.0359375
5 0.66484375 0.2953125 0.0609375 0.01875
5 0.8296875 0.3796875 0.0328125 0.0171875
5 0.8984375 0.37109375 0.04375 0.0234375
5 0.49453125 0.31484375 0.05 0.0265625
5 0.31953125 0.32890625 0.053125 0.0203125
5 0.1875 0.3265625 0.0546875 0.025
4 0.75234375 0.5078125 0.025 0.03125
9 0.4953125 0.42265625 0.14609375 0.15078125
9 0.6875 0.403125 0.16796875 0.1609375
9 0.3125 0.4171875 0.15 0.12109375
9 0.18671875 0.43671875 0.1296875 0.13359375