3 0.64140625 0.3171875 0.075 0.121875
3 0.453125 0.334375 0.0921875 0.1328125
3 0.38203125 0.2875 0.0765625 0.121875
4 0.91796875 0.33203125 0.05625 0.053125
4 0.578125 0.44765625 0.0515625 0.0484375
6 0.146875 0.3375 0.20625 0.2390625
6 0.228125 0.20625 0.09375 0.125
6 0.553125 0.35078125 0.0546875 0.0984375
6 0.0671875 0.20546875 0.0484375 0.0625
6 0.0671875 0.04921875 0.04375 0.053125
6 0.2328125 0.0515625 0.115625 0.103125
6 0.878125 0.31015625 0.059375 0.078125
6 0.94765625 0.3484375 0.0796875 0.128125
4 0.425 0.54296875 0.0546875 0.08125
4 0.52109375 0.43515625 0.046875 0.05625
4 0.22890625 0.759375 0.090625 0.090625
4 0.22109375 0.68203125 0.090625 0.0875