3 0.2171875 0.4359375 0.103125 0.0984375
3 0.53984375 0.3796875 0.0859375 0.0953125
3 0.38515625 0.41171875 0.0609375 0.0734375
5 0.38671875 0.41171875 0.0375 0.0234375
8 0.35390625 0.790625 0.0515625 0.071875
8 0.43203125 0.8 0.0484375 0.0765625
0 0.52421875 0.67109375 0.0578125 0.0625
4 0.44140625 0.6140625 0.0453125 0.059375
4 0.33125 0.62265625 0.0390625 0.0546875
5 0.234375 0.44296875 0.0484375 0.025
5 0.52265625 0.390625 0.0515625 0.0296875
9 0.2359375 0.59375 0.115625 0.2171875
9 0.5453125 0.55390625 0.12734375 0.20078125