6 0.8625 0.3109375 0.08125 0.1015625
6 0.60390625 0.321875 0.0859375 0.10625
6 0.3859375 0.3140625 0.0703125 0.0953125
6 0.27890625 0.31875 0.0578125 0.0625
6 0.13984375 0.346875 0.078125 0.1
4 0.353125 0.5375 0.0484375 0.0390625
4 0.728125 0.59140625 0.0390625 0.0484375
4 0.53203125 0.59921875 0.0421875 0.046875
4 0.97109375 0.5765625 0.04375 0.0546875
4 0.2453125 0.5515625 0.0359375 0.0484375
4 0.10859375 0.55546875 0.040625 0.0453125
6 0.7203125 0.3359375 0.046875 0.0453125
3 0.08984375 0.36640625 0.040625 0.046875
8 0.140625 0.834375 0.06875 0.0828125
8 0.375 0.77734375 0.0546875 0.090625
8 0.43203125 0.8 0.059375 0.084375
8 0.590625 0.8234375 0.0515625 0.075
8 0.8609375 0.815625 0.075 0.0765625
8 0.79765625 0.78828125 0.0515625 0.078125
8 0.2125 0.7828125 0.0765625 0.0921875
9 0.8578125 0.4828125 0.18984375 0.23359375
9 0.6109375 0.4796875 0.19609375 0.234375
9 0.403125 0.4625 0.1375 0.20625
9 0.14921875 0.48515625 0.12578125 0.1953125
9 0.2734375 0.4234375 0.0953125 0.17109375