6 0.54609375 0.3453125 0.125 0.1171875
3 0.38359375 0.234375 0.0984375 0.1171875
3 0.26875 0.54375 0.078125 0.109375
0 0.50859375 0.4578125 0.0484375 0.0625
0 0.31640625 0.3953125 0.059375 0.0578125
3 0.38203125 0.0890625 0.09375 0.121875
3 0.51328125 0.26484375 0.11875 0.08125
0 0.61328125 0.55078125 0.065625 0.0734375
0 0.61015625 0.49921875 0.0609375 0.0625
8 0.69921875 0.721875 0.109375 0.065625
7 0.4546875 0.6421875 0.0734375 0.084375
0 0.253125 0.66953125 0.0421875 0.0625
0 0.146875 0.64375 0.0625 0.0484375
5 0.546875 0.35859375 0.0484375 0.05625