5 0.69921875 0.3078125 0.103125 0.04375
5 0.565625 0.38671875 0.090625 0.0375
5 0.4203125 0.37421875 0.0734375 0.0390625
4 0.40703125 0.446875 0.065625 0.08125
4 0.509375 0.56328125 0.1 0.0484375
4 0.71015625 0.5921875 0.0859375 0.0765625
3 0.7046875 0.3 0.1296875 0.175
3 0.565625 0.38125 0.11875 0.1578125
3 0.41953125 0.3703125 0.1 0.1375
5 0.7015625 0.02578125 0.0984375 0.0359375
4 0.4328125 0.5765625 0.053125 0.0546875
4 0.47890625 0.59296875 0.046875 0.0546875
3 0.69453125 0.0578125 0.1390625 0.115625