3 0.29609375 0.478125 0.0390625 0.0453125
3 0.38359375 0.48359375 0.0359375 0.046875
3 0.4625 0.5015625 0.0328125 0.046875
4 0.22890625 0.5859375 0.021875 0.0265625
4 0.33984375 0.5890625 0.021875 0.0234375
4 0.4375 0.584375 0.0171875 0.0203125
3 0.34453125 0.50390625 0.028125 0.0359375
8 0.28828125 0.7125 0.0234375 0.03125
8 0.39140625 0.71796875 0.03125 0.0390625
8 0.46875 0.6984375 0.0265625 0.028125
8 0.43671875 0.68828125 0.028125 0.03125
5 0.4625 0.49921875 0.0265625 0.0109375
5 0.38203125 0.48359375 0.0296875 0.0109375
5 0.2953125 0.4796875 0.0359375 0.0125