3 0.44296875 0.325 0.2 0.2453125
3 0.0921875 0.340625 0.184375 0.1828125
3 0.865625 0.503125 0.215625 0.1421875
0 0.3203125 0.76015625 0.121875 0.109375
0 0.32421875 0.8515625 0.128125 0.09375
0 0.3296875 0.9609375 0.090625 0.071875
1 0.06328125 0.37421875 0.0890625 0.1234375
5 0.44453125 0.38515625 0.10625 0.0890625
3 0.4328125 0.0890625 0.2078125 0.175
3 0.09609375 0.07109375 0.1921875 0.1421875
0 0.32109375 0.64765625 0.1046875 0.109375
0 0.5421875 0.57421875 0.1015625 0.1109375
0 0.0578125 0.675 0.115625 0.125
1 0.8078125 0.54609375 0.090625 0.0453125
0 0.05078125 0.93046875 0.1015625 0.1390625