6 0.509375 0.24921875 0.0453125 0.046875
6 0.50703125 0.615625 0.0421875 0.040625
3 0.61015625 0.41796875 0.046875 0.0515625
3 0.41328125 0.2734375 0.0515625 0.059375
3 0.390625 0.4890625 0.0390625 0.0421875
4 0.3453125 0.45703125 0.0234375 0.0453125
4 0.45078125 0.38359375 0.0265625 0.0296875
4 0.4578125 0.346875 0.0171875 0.0234375
4 0.4796875 0.33828125 0.025 0.025
6 0.53984375 0.4609375 0.0421875 0.040625
4 0.45546875 0.46640625 0.028125 0.028125
4 0.740625 0.28046875 0.025 0.03125
4 0.69609375 0.2640625 0.01875 0.0359375
0 0.61171875 0.63125 0.0265625 0.028125
0 0.46796875 0.54453125 0.0375 0.034375
8 0.415625 0.7328125 0.034375 0.053125
8 0.428125 0.68359375 0.025 0.040625
6 0.7453125 0.125 0.0546875 0.06875
8 0.49453125 0.85234375 0.0234375 0.040625