3 0.3984375 0.4671875 0.0328125 0.05625
3 0.4921875 0.49453125 0.0515625 0.0546875
3 0.5890625 0.496875 0.03125 0.046875
3 0.659375 0.515625 0.0359375 0.04375
8 0.371875 0.728125 0.0359375 0.0328125
8 0.41484375 0.72109375 0.04375 0.028125
8 0.4578125 0.73984375 0.0515625 0.0328125
8 0.5046875 0.7484375 0.046875 0.0359375
8 0.5453125 0.70234375 0.03125 0.0296875
8 0.584375 0.69921875 0.028125 0.0265625
8 0.659375 0.71484375 0.0375 0.0296875
3 0.328125 0.38359375 0.0265625 0.028125
3 0.27734375 0.37265625 0.01875 0.0296875
3 0.240625 0.35625 0.0203125 0.0265625
4 0.4984375 0.60390625 0.0265625 0.025
4 0.4 0.53125 0.0328125 0.021875
4 0.434375 0.53125 0.0296875 0.01875
4 0.61171875 0.61015625 0.015625 0.0265625
4 0.6515625 0.6265625 0.0203125 0.01875
5 0.39765625 0.4703125 0.025 0.0171875