6 0.67421875 0.38984375 0.05625 0.0734375
6 0.44921875 0.353125 0.05625 0.06875
6 0.30625 0.39453125 0.0484375 0.0515625
6 0.19609375 0.41640625 0.04375 0.0546875
6 0.62109375 0.39921875 0.0421875 0.05
6 0.55390625 0.4078125 0.0328125 0.0390625
5 0.67265625 0.3953125 0.046875 0.0203125
5 0.62265625 0.39765625 0.0328125 0.0125
5 0.45 0.35234375 0.0421875 0.0171875
5 0.3078125 0.39609375 0.040625 0.015625
5 0.196875 0.41484375 0.0375 0.0140625
7 0.16484375 0.7328125 0.0484375 0.046875
7 0.2265625 0.70234375 0.0375 0.046875
7 0.2953125 0.7015625 0.0328125 0.0359375
7 0.32734375 0.725 0.0390625 0.040625
8 0.4515625 0.73984375 0.05 0.059375
8 0.41171875 0.68671875 0.0296875 0.046875
8 0.63046875 0.753125 0.046875 0.0546875
8 0.703125 0.78671875 0.0640625 0.0640625
6 0.14375 0.40546875 0.028125 0.028125
6 0.0921875 0.421875 0.0203125 0.021875
6 0.3859375 0.4109375 0.0234375 0.03125
4 0.36328125 0.56328125 0.028125 0.0390625
4 0.603125 0.5578125 0.0234375 0.0390625
4 0.57578125 0.5546875 0.0203125 0.0359375
4 0.7265625 0.59140625 0.0296875 0.0359375
4 0.2515625 0.5578125 0.0234375 0.0359375
4 0.18984375 0.4484375 0.0203125 0.0421875
4 0.52421875 0.50078125 0.015625 0.021875
9 0.66484375 0.51875 0.14453125 0.16171875
9 0.4515625 0.47421875 0.12109375 0.178125
9 0.2984375 0.49453125 0.11015625 0.18203125
9 0.553125 0.4484375 0.0625 0.05859375
9 0.19453125 0.52578125 0.096875 0.18828125