4 0.534375 0.61171875 0.0671875 0.059375
4 0.2671875 0.61484375 0.0265625 0.0515625
3 0.08828125 0.38203125 0.1171875 0.125
3 0.203125 0.40859375 0.071875 0.0859375
3 0.46640625 0.37421875 0.0859375 0.109375
3 0.58828125 0.396875 0.0671875 0.0765625
3 0.76328125 0.39921875 0.0796875 0.0984375
3 0.9484375 0.37421875 0.0609375 0.0765625
5 0.95546875 0.3734375 0.05625 0.0140625
5 0.7671875 0.4140625 0.071875 0.0171875
5 0.4609375 0.3796875 0.075 0.0234375
5 0.20234375 0.41328125 0.05625 0.015625
5 0.1046875 0.38125 0.0671875 0.0234375
5 0.58359375 0.4015625 0.0578125 0.021875
3 0.37421875 0.440625 0.03125 0.0359375
3 0.278125 0.4515625 0.0296875 0.028125
3 0.39296875 0.43671875 0.021875 0.0265625
8 0.38203125 0.7546875 0.0640625 0.0375
8 0.62109375 0.7828125 0.0453125 0.059375
8 0.58046875 0.778125 0.0578125 0.0453125
8 0.371875 0.61484375 0.03125 0.040625
4 0.2875 0.5078125 0.015625 0.0203125
9 0.10234375 0.56796875 0.2046875 0.2484375
9 0.48984375 0.5328125 0.1359375 0.20234375
9 0.77109375 0.5140625 0.14765625 0.17734375
9 0.928125 0.484375 0.115625 0.16875
9 0.2109375 0.534375 0.17109375 0.20546875