5 0.53671875 0.2296875 0.0515625 0.01875
5 0.74453125 0.22265625 0.059375 0.0234375
5 0.9703125 0.20703125 0.059375 0.025
5 0.3296875 0.23671875 0.059375 0.0234375
5 0.81640625 0.259375 0.0703125 0.025
3 0.81875 0.24609375 0.065625 0.109375
3 0.74609375 0.20625 0.096875 0.1359375
3 0.5375 0.225 0.078125 0.0984375
3 0.31953125 0.23515625 0.09375 0.115625
3 0.96875 0.2 0.0625 0.0921875
4 0.64375 0.5453125 0.04375 0.0546875
4 0.9265625 0.4546875 0.0390625 0.0359375
8 0.6375 0.815625 0.0609375 0.08125
8 0.75625 0.77421875 0.090625 0.0734375
4 0.80390625 0.546875 0.040625 0.04375
4 0.321875 0.50546875 0.1109375 0.08125
4 0.103125 0.540625 0.1359375 0.0859375
3 0.15390625 0.209375 0.19375 0.259375
3 0.0453125 0.25078125 0.0796875 0.1078125
5 0.04921875 0.2609375 0.053125 0.028125
8 0.48984375 0.70625 0.0453125 0.071875
8 0.56328125 0.678125 0.05625 0.0578125
8 0.89375 0.66875 0.059375 0.08125
8 0.96015625 0.6390625 0.0796875 0.053125
8 0.8046875 0.68203125 0.0828125 0.0515625
8 0.0625 0.7546875 0.059375 0.0828125
3 0.678125 0.22109375 0.0484375 0.0671875
3 0.4921875 0.209375 0.0453125 0.08125
6 0.43359375 0.228125 0.0328125 0.040625
6 0.6046875 0.21796875 0.0359375 0.0375
9 0.22578125 0.54140625 0.32890625 0.475
9 0.71796875 0.44375 0.25703125 0.3234375
9 0.940625 0.35234375 0.11875 0.22265625
9 0.52578125 0.3734375 0.1671875 0.2265625