0 0.61484375 0.5171875 0.0625 0.0625
0 0.865625 0.63125 0.0390625 0.034375
0 0.84453125 0.58046875 0.040625 0.0390625
3 0.815625 0.46640625 0.071875 0.075
3 0.73125 0.4421875 0.0703125 0.0671875
3 0.58203125 0.37578125 0.0703125 0.084375
3 0.321875 0.34921875 0.1 0.1078125
5 0.5828125 0.3921875 0.0515625 0.0171875
8 0.303125 0.68359375 0.0578125 0.0828125
8 0.365625 0.675 0.05 0.0703125
8 0.4203125 0.65703125 0.0359375 0.0671875
4 0.3109375 0.546875 0.04375 0.0390625
4 0.37421875 0.55859375 0.0390625 0.0515625
5 0.82109375 0.478125 0.0203125 0.04375
0 0.70234375 0.54453125 0.03125 0.0421875
0 0.67421875 0.503125 0.0234375 0.04375
8 0.60703125 0.60625 0.0515625 0.0453125
8 0.73984375 0.615625 0.053125 0.04375
8 0.89765625 0.6734375 0.0953125 0.0390625