1 0.81796875 0.265625 0.1125 0.034375
5 0.128125 0.3203125 0.1109375 0.0484375
5 0.234375 0.32578125 0.1171875 0.0390625
5 0.3828125 0.3609375 0.10625 0.028125
5 0.45703125 0.2875 0.0640625 0.025
3 0.09609375 0.28125 0.1921875 0.25
3 0.38203125 0.34296875 0.0984375 0.146875
3 0.82734375 0.26171875 0.1453125 0.171875
3 0.228125 0.3015625 0.1328125 0.1734375
6 0.459375 0.30078125 0.0875 0.1078125
4 0.41484375 0.66796875 0.1265625 0.13125
4 0.4640625 0.4234375 0.05625 0.075
9 0.84140625 0.52109375 0.24609375 0.384375
9 0.10859375 0.6515625 0.2171875 0.515625
9 0.37421875 0.5296875 0.20390625 0.27109375
9 0.47734375 0.4921875 0.13984375 0.27734375
9 0.2328125 0.53359375 0.19609375 0.36015625