5 0.36171875 0.43671875 0.0390625 0.015625
5 0.53515625 0.4296875 0.0359375 0.0171875
5 0.68359375 0.44375 0.0421875 0.015625
4 0.23359375 0.53046875 0.03125 0.03125
8 0.64765625 0.8265625 0.0421875 0.075
8 0.72734375 0.83046875 0.046875 0.071875
3 0.54296875 0.4234375 0.0609375 0.0796875
3 0.63828125 0.43359375 0.0421875 0.0609375
3 0.6828125 0.43515625 0.0625 0.075
3 0.1578125 0.43203125 0.04375 0.0640625
3 0.1953125 0.4453125 0.059375 0.0765625
3 0.365625 0.42890625 0.05 0.0703125
5 0.6375 0.4328125 0.0296875 0.0125
3 0.48984375 0.46015625 0.0484375 0.0546875
5 0.490625 0.46328125 0.0328125 0.0171875
4 0.21171875 0.54453125 0.028125 0.028125
4 0.32421875 0.60546875 0.03125 0.028125
8 0.4 0.759375 0.04375 0.0421875
8 0.34765625 0.7578125 0.046875 0.0515625
8 0.5109375 0.77265625 0.0625 0.0390625
8 0.5765625 0.78125 0.0453125 0.0453125
6 0.90078125 0.46953125 0.0265625 0.0265625
9 0.68125 0.5671875 0.1234375 0.19609375
9 0.553125 0.54609375 0.10625 0.14140625
9 0.37578125 0.53828125 0.1203125 0.15703125
9 0.18984375 0.55 0.1171875 0.1734375