3 0.9203125 0.35234375 0.1015625 0.13125
3 0.6375 0.38359375 0.05 0.0765625
3 0.31171875 0.390625 0.046875 0.06875
3 0.04609375 0.396875 0.0703125 0.084375
3 0.2546875 0.3640625 0.0390625 0.0421875
6 0.17421875 0.378125 0.065625 0.0625
6 0.4046875 0.39375 0.0359375 0.05
6 0.4421875 0.41484375 0.0484375 0.0703125
6 0.50078125 0.384375 0.0390625 0.05625
6 0.5609375 0.4015625 0.05 0.0546875
4 0.50703125 0.47265625 0.0359375 0.0359375
4 0.096875 0.53671875 0.028125 0.0328125
6 0.79296875 0.38125 0.0671875 0.0734375
6 0.74609375 0.39296875 0.04375 0.084375
4 0.80234375 0.64453125 0.028125 0.0359375
4 0.8984375 0.76171875 0.0828125 0.0609375
8 0.45625 0.7515625 0.046875 0.04375
8 0.40078125 0.76796875 0.040625 0.0375
8 0.2859375 0.71484375 0.0375 0.0375
8 0.334375 0.70859375 0.046875 0.028125
8 0.20390625 0.72734375 0.053125 0.0359375
8 0.15859375 0.73515625 0.0375 0.046875
8 0.0953125 0.7703125 0.0703125 0.04375
8 0.1125 0.728125 0.0375 0.0421875
8 0.25625 0.69140625 0.03125 0.028125
8 0.515625 0.68125 0.0296875 0.0328125
8 0.646875 0.7328125 0.040625 0.0453125
8 0.59375 0.734375 0.0453125 0.040625
8 0.5375 0.7 0.040625 0.034375
8 0.56875 0.70703125 0.028125 0.0390625
8 0.69140625 0.75546875 0.0625 0.0390625
5 0.04921875 0.4015625 0.0515625 0.01875
1 0.17421875 0.38125 0.0453125 0.015625
5 0.31171875 0.40390625 0.0359375 0.015625
5 0.4046875 0.39375 0.028125 0.0125
5 0.44140625 0.415625 0.040625 0.021875
5 0.5015625 0.38671875 0.034375 0.01875
5 0.56171875 0.40078125 0.034375 0.0171875
5 0.6375 0.39140625 0.04375 0.01875
5 0.78828125 0.38671875 0.046875 0.01875
5 0.746875 0.4 0.03125 0.015625
9 0.3078125 0.4875 0.11875 0.1515625
9 0.44140625 0.52109375 0.11875 0.165625
9 0.06171875 0.53828125 0.1125 0.20625
9 0.90859375 0.584375 0.1375 0.30390625
9 0.80390625 0.54921875 0.09453125 0.19765625
9 0.75234375 0.528125 0.078125 0.21171875
9 0.62890625 0.49140625 0.125 0.17265625
9 0.55546875 0.4953125 0.0734375 0.15234375
9 0.1828125 0.49921875 0.1203125 0.17890625