4 0.7515625 0.58203125 0.06875 0.0578125
3 0.875 0.45859375 0.1234375 0.1515625
3 0.128125 0.3390625 0.0734375 0.0828125
3 0.5875 0.22578125 0.075 0.0953125
0 0.38046875 0.60859375 0.0828125 0.0765625
3 0.3765625 0.32578125 0.115625 0.1625
3 0.5953125 0.109375 0.0921875 0.090625
3 0.44375 0.04765625 0.0671875 0.084375
3 0.44765625 0.28359375 0.0625 0.0859375
4 0.775 0.55859375 0.0640625 0.0359375
0 0.52734375 0.409375 0.0546875 0.0484375
0 0.35234375 0.59921875 0.0546875 0.05
5 0.13828125 0.34375 0.0453125 0.025
5 0.57578125 0.23359375 0.04375 0.034375
5 0.58125 0.0984375 0.0515625 0.03125
5 0.8546875 0.47578125 0.0765625 0.034375
5 0.39296875 0.34140625 0.0484375 0.0640625
8 0.13984375 0.70390625 0.053125 0.075
9 0.275 0.45390625 0.2703125 0.2640625