3 0.50625 0.48046875 0.0359375 0.0453125
5 0.50859375 0.48046875 0.0234375 0.0109375
3 0.7015625 0.465625 0.0359375 0.0390625
8 0.496875 0.7078125 0.03125 0.025
3 0.6203125 0.46875 0.0359375 0.04375
3 0.55234375 0.4953125 0.034375 0.040625
3 0.7546875 0.42734375 0.0453125 0.0546875
3 0.93515625 0.465625 0.0375 0.046875
4 0.6671875 0.48828125 0.0234375 0.0171875
4 0.671875 0.590625 0.0125 0.028125
3 0.9046875 0.52578125 0.028125 0.0328125
3 0.84375 0.49296875 0.0375 0.0375
4 0.96640625 0.58359375 0.0203125 0.0234375
4 0.5953125 0.5859375 0.01875 0.0234375
4 0.58671875 0.59609375 0.0125 0.025
4 0.47890625 0.59296875 0.0171875 0.0234375
8 0.52109375 0.70625 0.03125 0.028125
8 0.69609375 0.46484375 0.0265625 0.0078125
8 0.6578125 0.7 0.0359375 0.0234375
8 0.61953125 0.70234375 0.028125 0.0265625