3 0.175 0.409375 0.1 0.140625
5 0.17109375 0.41875 0.096875 0.03125
5 0.5125 0.428125 0.084375 0.03125
5 0.86875 0.4046875 0.09375 0.0375
4 0.8 0.746875 0.0625 0.08125
4 0.39453125 0.70703125 0.053125 0.065625
4 0.58984375 0.71875 0.0546875 0.0828125
5 0.2546875 0.40078125 0.06875 0.0265625
3 0.2484375 0.39765625 0.0875 0.1265625
3 0.0359375 0.42578125 0.0703125 0.1125
5 0.03515625 0.425 0.0625 0.025
3 0.58828125 0.4390625 0.05625 0.090625
3 0.51484375 0.4203125 0.0984375 0.14375
5 0.721875 0.41640625 0.0671875 0.034375
3 0.721875 0.41171875 0.078125 0.0984375
3 0.8703125 0.39453125 0.128125 0.1515625
4 0.82109375 0.86953125 0.0640625 0.075
4 0.7953125 0.90078125 0.0734375 0.065625
4 0.81796875 0.7734375 0.071875 0.078125
5 0.58828125 0.440625 0.0546875 0.0296875
3 0.44140625 0.44375 0.0703125 0.075
9 0.146875 0.61171875 0.18671875 0.2484375
9 0.503125 0.62421875 0.20625 0.253125
9 0.87734375 0.596875 0.1734375 0.25
9 0.740625 0.5671875 0.1296875 0.184375