6 0.26171875 0.42890625 0.084375 0.0984375
3 0.46484375 0.46484375 0.10625 0.10625
3 0.61484375 0.4359375 0.075 0.0921875
3 0.88046875 0.475 0.09375 0.109375
5 0.60234375 0.44140625 0.059375 0.025
3 0.85 0.44609375 0.0625 0.0828125
1 0.8796875 0.48203125 0.06875 0.0265625
4 0.78828125 0.53046875 0.0375 0.03125
4 0.58046875 0.65625 0.0359375 0.04375
4 0.1859375 0.8015625 0.0484375 0.046875
4 0.1859375 0.8640625 0.05625 0.0390625
5 0.4421875 0.4796875 0.0546875 0.0234375
9 0.26015625 0.659375 0.23203125 0.375
9 0.465625 0.65703125 0.22421875 0.29453125
9 0.88515625 0.60546875 0.1484375 0.21484375