3 0.7984375 0.28984375 0.065625 0.0921875
3 0.37578125 0.384375 0.0796875 0.1171875
3 0.4875 0.38984375 0.0828125 0.1125
3 0.64140625 0.3546875 0.0796875 0.1078125
6 0.19609375 0.3265625 0.0796875 0.0875
4 0.6078125 0.57265625 0.0671875 0.0390625
4 0.9546875 0.6078125 0.090625 0.1125
4 0.21171875 0.553125 0.04375 0.0703125
5 0.2 0.325 0.0734375 0.0296875
5 0.64765625 0.3640625 0.0625 0.0265625
3 0.5578125 0.37265625 0.0625 0.1171875
5 0.36953125 0.39296875 0.071875 0.028125
5 0.48671875 0.38984375 0.0671875 0.0265625
5 0.55546875 0.38359375 0.0578125 0.0203125
5 0.790625 0.03515625 0.0546875 0.015625
3 0.79453125 0.0421875 0.0828125 0.084375
4 0.52578125 0.61484375 0.059375 0.05
4 0.834375 0.41015625 0.0453125 0.028125
4 0.1484375 0.496875 0.0640625 0.0546875
5 0.7921875 0.296875 0.0546875 0.03125