3 0.5625 0.4625 0.078125 0.08125
3 0.55625 0.58125 0.0984375 0.09375
3 0.7640625 0.61796875 0.1015625 0.09375
3 0.9265625 0.61953125 0.103125 0.09375
5 0.74453125 0.6265625 0.0703125 0.034375
4 0.42109375 0.509375 0.034375 0.0609375
0 0.45078125 0.46796875 0.03125 0.0421875
0 0.75390625 0.92578125 0.0484375 0.08125
0 0.9375 0.9328125 0.0546875 0.0921875
5 0.9421875 0.628125 0.0609375 0.0359375
0 0.44140625 0.4203125 0.0421875 0.0453125
4 0.61796875 0.903125 0.0390625 0.053125
5 0.5515625 0.46875 0.05 0.021875
5 0.52421875 0.59453125 0.046875 0.0265625