5 0.275 0.27109375 0.05625 0.0296875
0 0.253125 0.5140625 0.0453125 0.0671875
8 0.1890625 0.72890625 0.0765625 0.0890625
8 0.69453125 0.6765625 0.0734375 0.090625
4 0.7125 0.52734375 0.05 0.075
3 0.2671875 0.253125 0.0828125 0.1109375
0 0.28359375 0.5078125 0.0359375 0.065625
8 0.246875 0.7171875 0.0703125 0.0828125
5 0.271875 0.06796875 0.0578125 0.034375
3 0.2671875 0.0796875 0.09375 0.1140625
3 0.690625 0.03515625 0.10625 0.0703125
3 0.6828125 0.3109375 0.0984375 0.09375
9 0.60859375 0.4125 0.2109375 0.2109375
9 0.2140625 0.42265625 0.153125 0.21875