4 0.6359375 0.5921875 0.059375 0.0671875
4 0.4265625 0.67421875 0.0703125 0.0828125
0 0.89140625 0.51171875 0.0609375 0.0515625
0 0.7125 0.45078125 0.0390625 0.04375
0 0.8296875 0.47265625 0.04375 0.0640625
3 0.50546875 0.425 0.13125 0.1328125
3 0.878125 0.2921875 0.0796875 0.109375
3 0.57109375 0.25390625 0.0703125 0.0828125
3 0.97421875 0.27734375 0.0515625 0.078125
0 0.3421875 0.6296875 0.059375 0.0546875
5 0.56796875 0.2671875 0.0484375 0.0234375
3 0.21953125 0.38828125 0.05625 0.071875
3 0.55859375 0.3375 0.059375 0.05625
3 0.71796875 0.2890625 0.04375 0.04375
3 0.71796875 0.04375 0.028125 0.0453125
3 0.57265625 0.08203125 0.0828125 0.065625
3 0.96953125 0.053125 0.0609375 0.0796875
3 0.875 0.04921875 0.0703125 0.0984375
3 0.81953125 0.04609375 0.0734375 0.0765625
3 0.8125 0.28671875 0.0671875 0.075
3 0.4421875 0.475 0.071875 0.1125
8 0.7234375 0.621875 0.0515625 0.065625
8 0.73515625 0.60546875 0.0515625 0.053125
8 0.3609375 0.77578125 0.0859375 0.121875