6 0.5703125 0.3984375 0.0953125 0.090625
6 0.384375 0.42109375 0.0625 0.0609375
6 0.2109375 0.4046875 0.0609375 0.071875
6 0.02578125 0.4109375 0.0515625 0.09375
6 0.75078125 0.415625 0.0640625 0.0875
6 0.81953125 0.4234375 0.084375 0.075
4 0.64921875 0.5609375 0.04375 0.04375
4 0.0390625 0.62265625 0.0625 0.046875
5 0.215625 0.41015625 0.059375 0.0265625
5 0.38359375 0.4234375 0.059375 0.021875
1 0.74921875 0.42578125 0.040625 0.025
8 0.321875 0.80625 0.05625 0.0625
8 0.15703125 0.83203125 0.0640625 0.0671875
8 0.215625 0.803125 0.0640625 0.04375
8 0.40859375 0.7828125 0.0734375 0.0484375
8 0.32578125 0.9375 0.040625 0.059375
8 0.409375 0.95703125 0.0734375 0.046875
8 0.21640625 0.93984375 0.0640625 0.053125
8 0.159375 0.915625 0.059375 0.0609375
1 0.02421875 0.41953125 0.0484375 0.0296875
9 0.18359375 0.54921875 0.1296875 0.21015625
9 0.81171875 0.61875 0.1796875 0.28046875
9 0.0546875 0.5515625 0.109375 0.221875
9 0.3640625 0.56171875 0.1328125 0.18515625
9 0.5515625 0.56484375 0.17734375 0.246875