3 0.815625 0.21796875 0.10625 0.1125
6 0.5828125 0.265625 0.090625 0.0953125
6 0.60546875 0.50625 0.096875 0.0984375
6 0.471875 0.39453125 0.0671875 0.0640625
6 0.453125 0.2671875 0.0546875 0.0578125
6 0.3828125 0.33984375 0.0578125 0.075
6 0.2640625 0.2796875 0.0765625 0.0859375
6 0.14609375 0.33671875 0.078125 0.084375
6 0.01796875 0.29921875 0.0359375 0.0578125
7 0.07734375 0.50078125 0.028125 0.03125
7 0.03515625 0.5046875 0.0328125 0.03125
6 0.50703125 0.25078125 0.0453125 0.0609375
6 0.88671875 0.4546875 0.0453125 0.0546875
4 0.37265625 0.53515625 0.028125 0.0328125
4 0.45078125 0.51640625 0.034375 0.0390625
7 0.30390625 0.7171875 0.075 0.0546875
7 0.253125 0.7125 0.04375 0.05
7 0.2015625 0.646875 0.0515625 0.0546875
7 0.30625 0.95546875 0.0796875 0.0453125
0 0.14375 0.49765625 0.0453125 0.0609375
0 0.18515625 0.4921875 0.0359375 0.046875
0 0.43671875 0.48125 0.0328125 0.053125
5 0.80546875 0.2265625 0.059375 0.028125
5 0.58359375 0.284375 0.05 0.0390625
5 0.4515625 0.26640625 0.040625 0.015625
5 0.50546875 0.2484375 0.0328125 0.0203125
5 0.01796875 0.29921875 0.03125 0.015625
5 0.146875 0.35078125 0.0484375 0.03125