0 0.38515625 0.5171875 0.0625 0.0625
0 0.134375 0.63125 0.0390625 0.034375
0 0.15546875 0.58046875 0.040625 0.0390625
3 0.184375 0.46640625 0.071875 0.075
3 0.26875 0.4421875 0.0703125 0.0671875
3 0.41796875 0.37578125 0.0703125 0.084375
3 0.678125 0.34921875 0.1 0.1078125
5 0.4171875 0.3921875 0.0515625 0.0171875
8 0.696875 0.68359375 0.0578125 0.0828125
8 0.634375 0.675 0.05 0.0703125
8 0.5796875 0.65703125 0.0359375 0.0671875
4 0.6890625 0.546875 0.04375 0.0390625
4 0.62578125 0.55859375 0.0390625 0.0515625
5 0.17890625 0.478125 0.0203125 0.04375
0 0.29765625 0.54453125 0.03125 0.0421875
0 0.32578125 0.503125 0.0234375 0.04375
8 0.39296875 0.60625 0.0515625 0.0453125
8 0.26015625 0.615625 0.053125 0.04375
8 0.10234375 0.6734375 0.0953125 0.0390625