3 0.375 0.4015625 0.0515625 0.0734375
3 0.640625 0.3984375 0.0546875 0.0765625
3 0.88203125 0.39453125 0.05 0.06875
4 0.3296875 0.55703125 0.021875 0.0265625
4 0.4515625 0.56015625 0.0265625 0.0328125
4 0.59140625 0.5859375 0.025 0.0328125
4 0.7828125 0.54921875 0.0234375 0.0296875
5 0.375 0.4046875 0.0390625 0.0140625
5 0.88359375 0.40078125 0.05 0.0125
8 0.68671875 0.78515625 0.0453125 0.053125
8 0.6140625 0.74140625 0.0390625 0.0421875
8 0.3515625 0.7546875 0.0515625 0.0359375
8 0.39921875 0.70390625 0.028125 0.0359375
3 0.484375 0.396875 0.0421875 0.0484375
3 0.5390625 0.40625 0.0234375 0.0328125
3 0.5921875 0.39453125 0.01875 0.0296875
3 0.34765625 0.396875 0.01875 0.0453125
4 0.5140625 0.52265625 0.015625 0.0265625
4 0.428125 0.52578125 0.01875 0.025
4 0.68828125 0.5703125 0.0234375 0.0328125
4 0.92421875 0.52734375 0.0375 0.0296875
8 0.86875 0.7375 0.040625 0.053125
8 0.834375 0.6890625 0.040625 0.05
8 0.48203125 0.64609375 0.03125 0.0359375
8 0.44765625 0.64765625 0.03125 0.0359375
8 0.54921875 0.525 0.015625 0.0203125
8 0.53828125 0.5234375 0.0125 0.0171875
5 0.484375 0.403125 0.034375 0.0109375
5 0.640625 0.4109375 0.0484375 0.0203125
9 0.38671875 0.4859375 0.11015625 0.11484375
9 0.6359375 0.49921875 0.11640625 0.13828125
9 0.8765625 0.49453125 0.16484375 0.1765625
9 0.47890625 0.46875 0.0953125 0.0984375