3 0.0796875 0.35234375 0.1015625 0.13125
3 0.3625 0.38359375 0.05 0.0765625
3 0.68828125 0.390625 0.046875 0.06875
3 0.95390625 0.396875 0.0703125 0.084375
3 0.7453125 0.3640625 0.0390625 0.0421875
6 0.82578125 0.378125 0.065625 0.0625
6 0.5953125 0.39375 0.0359375 0.05
6 0.5578125 0.41484375 0.0484375 0.0703125
6 0.49921875 0.384375 0.0390625 0.05625
6 0.4390625 0.4015625 0.05 0.0546875
4 0.49296875 0.47265625 0.0359375 0.0359375
4 0.903125 0.53671875 0.028125 0.0328125
6 0.20703125 0.38125 0.0671875 0.0734375
6 0.25390625 0.39296875 0.04375 0.084375
4 0.19765625 0.64453125 0.028125 0.0359375
4 0.1015625 0.76171875 0.0828125 0.0609375
8 0.54375 0.7515625 0.046875 0.04375
8 0.59921875 0.76796875 0.040625 0.0375
8 0.7140625 0.71484375 0.0375 0.0375
8 0.665625 0.70859375 0.046875 0.028125
8 0.79609375 0.72734375 0.053125 0.0359375
8 0.84140625 0.73515625 0.0375 0.046875
8 0.9046875 0.7703125 0.0703125 0.04375
8 0.8875 0.728125 0.0375 0.0421875
8 0.74375 0.69140625 0.03125 0.028125
8 0.484375 0.68125 0.0296875 0.0328125
8 0.353125 0.7328125 0.040625 0.0453125
8 0.40625 0.734375 0.0453125 0.040625
8 0.4625 0.7 0.040625 0.034375
8 0.43125 0.70703125 0.028125 0.0390625
8 0.30859375 0.75546875 0.0625 0.0390625
5 0.95078125 0.4015625 0.0515625 0.01875
1 0.82578125 0.38125 0.0453125 0.015625
5 0.68828125 0.40390625 0.0359375 0.015625
5 0.5953125 0.39375 0.028125 0.0125
5 0.55859375 0.415625 0.040625 0.021875
5 0.4984375 0.38671875 0.034375 0.01875
5 0.43828125 0.40078125 0.034375 0.0171875
5 0.3625 0.39140625 0.04375 0.01875
5 0.21171875 0.38671875 0.046875 0.01875
5 0.253125 0.4 0.03125 0.015625
9 0.6921875 0.4875 0.11875 0.1515625
9 0.55859375 0.52109375 0.11875 0.165625
9 0.93828125 0.53828125 0.1125 0.20625
9 0.09140625 0.584375 0.1375 0.30390625
9 0.19609375 0.54921875 0.09453125 0.19765625
9 0.24765625 0.528125 0.078125 0.21171875
9 0.37109375 0.49140625 0.125 0.17265625
9 0.44453125 0.4953125 0.0734375 0.15234375
9 0.8171875 0.49921875 0.1203125 0.17890625