3 0.55703125 0.325 0.2 0.2453125
3 0.9078125 0.340625 0.184375 0.1828125
3 0.134375 0.503125 0.215625 0.1421875
0 0.6796875 0.76015625 0.121875 0.109375
0 0.67578125 0.8515625 0.128125 0.09375
0 0.6703125 0.9609375 0.090625 0.071875
1 0.93671875 0.37421875 0.0890625 0.1234375
5 0.55546875 0.38515625 0.10625 0.0890625
3 0.5671875 0.0890625 0.2078125 0.175
3 0.90390625 0.07109375 0.1921875 0.1421875
0 0.67890625 0.64765625 0.1046875 0.109375
0 0.4578125 0.57421875 0.1015625 0.1109375
0 0.9421875 0.675 0.115625 0.125
1 0.1921875 0.54609375 0.090625 0.0453125
0 0.94921875 0.93046875 0.1015625 0.1390625