6 0.66953125 0.3828125 0.078125 0.0765625
6 0.315625 0.40078125 0.059375 0.0828125
4 0.32265625 0.54453125 0.06875 0.0453125
4 0.69140625 0.49921875 0.046875 0.04375
4 0.6515625 0.5171875 0.0390625 0.0375
5 0.66484375 0.38359375 0.0578125 0.028125
5 0.31484375 0.39609375 0.059375 0.028125
8 0.821875 0.71796875 0.059375 0.0625
8 0.7 0.6671875 0.0546875 0.0625
8 0.26328125 0.7234375 0.0625 0.0671875
8 0.18828125 0.72890625 0.0515625 0.059375
9 0.7046875 0.5015625 0.15625 0.1921875
9 0.29453125 0.50859375 0.2109375 0.16015625