6 0.71953125 0.1578125 0.03125 0.03125
6 0.86875 0.1609375 0.0390625 0.03125
6 0.928125 0.16171875 0.028125 0.0390625
6 0.98359375 0.1703125 0.0328125 0.046875
7 0.96171875 0.42734375 0.0390625 0.0296875
7 0.9734375 0.41015625 0.0359375 0.028125
4 0.734375 0.2171875 0.0171875 0.021875
5 0.72265625 0.15859375 0.015625 0.0125
5 0.93046875 0.16484375 0.0203125 0.0140625
5 0.98828125 0.16640625 0.021875 0.015625
7 0.8671875 0.4140625 0.028125 0.0390625
7 0.83203125 0.4015625 0.034375 0.034375
8 0.7203125 0.3484375 0.0265625 0.0234375
8 0.709375 0.3484375 0.0203125 0.0203125
7 0.9140625 0.3625 0.0234375 0.0296875
9 0.86796875 0.24453125 0.07890625 0.14375
9 0.96171875 0.24921875 0.0671875 0.11640625