3 0.7765625 0.0984375 0.0875 0.1
2 0.7859375 0.403125 0.14375 0.353125
8 0.83046875 0.97265625 0.0359375 0.0546875
8 0.7515625 0.91171875 0.075 0.0921875
8 0.50859375 0.95625 0.0671875 0.0875
10 0.48828125 0.51640625 0.2546875 0.9671875
1 0.509375 0.11484375 0.08125 0.05625
10 0.79609375 0.51171875 0.2734375 0.9765625
1 0.78125 0.14765625 0.09375 0.075
6 0.496875 0.05703125 0.1046875 0.08125
4 0.515625 0.4421875 0.06796875 0.059375
4 0.5859375 0.40546875 0.065625 0.065625
9 0.4484375 0.403125 0.18359375 0.40546875