6 0.39140625 0.15390625 0.0234375 0.02109375
6 0.346875 0.31328125 0.0359375 0.05859375
6 0.55546875 0.37578125 0.034375 0.02265625
6 0.62265625 0.621875 0.0515625 0.03125
9 0.6578125 0.70703125 0.0609375 0.09609375
9 0.5640625 0.46015625 0.0390625 0.08984375
9 0.3859375 0.228125 0.04375 0.10390625
9 0.33125 0.38359375 0.065625 0.15234375
10 0.3203125 0.46875 0.159375 0.37109375
10 0.39296875 0.28515625 0.078125 0.28359375
10 0.55 0.51171875 0.1234375 0.3
10 0.62109375 0.73203125 0.15625 0.25234375