3 0.2234375 0.0984375 0.0875 0.1
2 0.2140625 0.403125 0.14375 0.353125
8 0.16953125 0.97265625 0.0359375 0.0546875
8 0.2484375 0.91171875 0.075 0.0921875
8 0.49140625 0.95625 0.0671875 0.0875
10 0.51171875 0.51640625 0.2546875 0.9671875
1 0.490625 0.11484375 0.08125 0.05625
10 0.20390625 0.51171875 0.2734375 0.9765625
1 0.21875 0.14765625 0.09375 0.075
6 0.503125 0.05703125 0.1046875 0.08125
4 0.484375 0.4421875 0.06796875 0.059375
4 0.4140625 0.40546875 0.065625 0.065625
9 0.5515625 0.403125 0.18359375 0.40546875