2 0.9625 0.57734375 0.075 0.2859375
2 0.765625 0.403125 0.03125 0.0921875
2 0.80390625 0.434375 0.0546875 0.121875
2 0.7296875 0.42890625 0.046875 0.1109375
2 0.6859375 0.42734375 0.0296875 0.090625
2 0.659375 0.47421875 0.05703125 0.15703125
2 0.615625 0.39765625 0.03515625 0.0859375
2 0.58671875 0.47421875 0.05703125 0.11171875
2 0.55703125 0.43046875 0.02109375 0.0703125
2 0.509375 0.4859375 0.08125 0.171875
2 0.459375 0.428125 0.0296875 0.0953125
2 0.428125 0.45390625 0.06953125 0.1140625
2 0.340625 0.44375 0.04609375 0.109375
2 0.29765625 0.47265625 0.07265625 0.12578125
2 0.246875 0.44375 0.05234375 0.09921875
3 0.234375 0.36875 0.028125 0.0296875
3 0.30390625 0.365625 0.0375 0.03984375
3 0.33359375 0.34921875 0.02890625 0.034375
3 0.43125 0.35390625 0.028125 0.03125
3 0.44765625 0.346875 0.02265625 0.02734375
3 0.49765625 0.3546875 0.04140625 0.0421875
3 0.5625 0.37109375 0.015625 0.02265625
3 0.5828125 0.3625 0.03046875 0.034375
3 0.5921875 0.34453125 0.01796875 0.01328125
3 0.61640625 0.32578125 0.02109375 0.02265625
3 0.6484375 0.340625 0.03828125 0.03984375
3 0.67421875 0.35546875 0.01484375 0.01875
3 0.73359375 0.33671875 0.0296875 0.0296875
3 0.790625 0.32578125 0.0140625 0.015625
3 0.8 0.3328125 0.03203125 0.025
3 0.96328125 0.3171875 0.07109375 0.0953125
0 0.2296875 0.45234375 0.0328125 0.0328125
0 0.2546875 0.496875 0.01640625 0.0296875
0 0.22421875 0.51015625 0.00859375 0.02265625
0 0.40546875 0.40078125 0.0109375 0.015625
0 0.46171875 0.4953125 0.01171875 0.02890625
0 0.55 0.46328125 0.00546875 0.0203125
0 0.5875 0.55 0.01484375 0.02734375
0 0.615625 0.5171875 0.01640625 0.025
0 0.61640625 0.49921875 0.0078125 0.0171875
0 0.68671875 0.45078125 0.00703125 0.01171875
0 0.69375 0.48359375 0.01484375 0.025
0 0.75859375 0.49140625 0.01328125 0.02890625
0 0.82578125 0.49921875 0.01015625 0.01796875
0 0.98515625 0.7390625 0.0296875 0.0578125
0 0.92265625 0.71328125 0.0234375 0.04375
10 0.9328125 0.63359375 0.134375 0.7328125
10 0.77265625 0.45859375 0.04765625 0.28125
10 0.80078125 0.48515625 0.0703125 0.33515625
10 0.72734375 0.4765625 0.08046875 0.3109375
10 0.68359375 0.45 0.034375 0.2078125
10 0.64921875 0.53046875 0.0765625 0.41875
10 0.615625 0.453125 0.0390625 0.278125
10 0.5921875 0.35234375 0.015625 0.03203125
10 0.559375 0.45234375 0.02421875 0.18828125
10 0.58359375 0.48671875 0.06171875 0.27890625
10 0.48125 0.43203125 0.0171875 0.078125
10 0.50546875 0.53828125 0.08515625 0.4109375
10 0.45546875 0.46484375 0.0390625 0.265625
10 0.4234375 0.503125 0.0703125 0.32578125
10 0.340625 0.45703125 0.04765625 0.24765625
10 0.271875 0.53671875 0.115625 0.38515625
10 0.2453125 0.48046875 0.0546875 0.25703125