2 0.0375 0.57734375 0.075 0.2859375
2 0.234375 0.403125 0.03125 0.0921875
2 0.19609375 0.434375 0.0546875 0.121875
2 0.2703125 0.42890625 0.046875 0.1109375
2 0.3140625 0.42734375 0.0296875 0.090625
2 0.340625 0.47421875 0.05703125 0.15703125
2 0.384375 0.39765625 0.03515625 0.0859375
2 0.41328125 0.47421875 0.05703125 0.11171875
2 0.44296875 0.43046875 0.02109375 0.0703125
2 0.490625 0.4859375 0.08125 0.171875
2 0.540625 0.428125 0.0296875 0.0953125
2 0.571875 0.45390625 0.06953125 0.1140625
2 0.659375 0.44375 0.04609375 0.109375
2 0.70234375 0.47265625 0.07265625 0.12578125
2 0.753125 0.44375 0.05234375 0.09921875
3 0.765625 0.36875 0.028125 0.0296875
3 0.69609375 0.365625 0.0375 0.03984375
3 0.66640625 0.34921875 0.02890625 0.034375
3 0.56875 0.35390625 0.028125 0.03125
3 0.55234375 0.346875 0.02265625 0.02734375
3 0.50234375 0.3546875 0.04140625 0.0421875
3 0.4375 0.37109375 0.015625 0.02265625
3 0.4171875 0.3625 0.03046875 0.034375
3 0.4078125 0.34453125 0.01796875 0.01328125
3 0.38359375 0.32578125 0.02109375 0.02265625
3 0.3515625 0.340625 0.03828125 0.03984375
3 0.32578125 0.35546875 0.01484375 0.01875
3 0.26640625 0.33671875 0.0296875 0.0296875
3 0.209375 0.32578125 0.0140625 0.015625
3 0.2 0.3328125 0.03203125 0.025
3 0.03671875 0.3171875 0.07109375 0.0953125
0 0.7703125 0.45234375 0.0328125 0.0328125
0 0.7453125 0.496875 0.01640625 0.0296875
0 0.77578125 0.51015625 0.00859375 0.02265625
0 0.59453125 0.40078125 0.0109375 0.015625
0 0.53828125 0.4953125 0.01171875 0.02890625
0 0.45 0.46328125 0.00546875 0.0203125
0 0.4125 0.55 0.01484375 0.02734375
0 0.384375 0.5171875 0.01640625 0.025
0 0.38359375 0.49921875 0.0078125 0.0171875
0 0.31328125 0.45078125 0.00703125 0.01171875
0 0.30625 0.48359375 0.01484375 0.025
0 0.24140625 0.49140625 0.01328125 0.02890625
0 0.17421875 0.49921875 0.01015625 0.01796875
0 0.01484375 0.7390625 0.0296875 0.0578125
0 0.07734375 0.71328125 0.0234375 0.04375
10 0.0671875 0.63359375 0.134375 0.7328125
10 0.22734375 0.45859375 0.04765625 0.28125
10 0.19921875 0.48515625 0.0703125 0.33515625
10 0.27265625 0.4765625 0.08046875 0.3109375
10 0.31640625 0.45 0.034375 0.2078125
10 0.35078125 0.53046875 0.0765625 0.41875
10 0.384375 0.453125 0.0390625 0.278125
10 0.4078125 0.35234375 0.015625 0.03203125
10 0.440625 0.45234375 0.02421875 0.18828125
10 0.41640625 0.48671875 0.06171875 0.27890625
10 0.51875 0.43203125 0.0171875 0.078125
10 0.49453125 0.53828125 0.08515625 0.4109375
10 0.54453125 0.46484375 0.0390625 0.265625
10 0.5765625 0.503125 0.0703125 0.32578125
10 0.659375 0.45703125 0.04765625 0.24765625
10 0.728125 0.53671875 0.115625 0.38515625
10 0.7546875 0.48046875 0.0546875 0.25703125