0 0.13203125 0.634375 0.0265625 0.02578125
0 0.296875 0.546875 0.025 0.034375
0 0.45546875 0.57421875 0.01171875 0.02890625
0 0.4703125 0.57734375 0.01875 0.03984375
0 0.578125 0.565625 0.01875 0.04921875
0 0.63828125 0.5328125 0.0140625 0.02109375
0 0.6453125 0.553125 0.02265625 0.03203125
0 0.7375 0.49296875 0.01484375 0.02421875
0 0.59609375 0.5234375 0.01484375 0.0171875
0 0.69296875 0.540625 0.00703125 0.021875
0 0.7984375 0.603125 0.01953125 0.0328125
0 0.90078125 0.6234375 0.0265625 0.03515625
3 0.165625 0.34453125 0.05 0.0453125
3 0.21875 0.33984375 0.03828125 0.03828125
3 0.26875 0.36015625 0.04296875 0.0421875
3 0.3390625 0.34296875 0.0375 0.0359375
3 0.38359375 0.30234375 0.03046875 0.0328125
3 0.421875 0.35390625 0.03671875 0.03671875
3 0.4546875 0.33984375 0.03125 0.0359375
3 0.484375 0.31015625 0.02890625 0.03125
3 0.49609375 0.3625 0.03515625 0.0359375
3 0.5546875 0.2984375 0.03125 0.0296875
3 0.5609375 0.36015625 0.034375 0.03671875
3 0.60234375 0.34921875 0.0328125 0.034375
3 0.640625 0.32578125 0.03125 0.0328125
3 0.65859375 0.3640625 0.03515625 0.0390625
3 0.70859375 0.33828125 0.0359375 0.034375
3 0.74765625 0.3421875 0.04140625 0.0421875
3 0.809375 0.33125 0.040625 0.04296875
3 0.8578125 0.35546875 0.05 0.046875
2 0.159375 0.4953125 0.125 0.18984375
2 0.22578125 0.43671875 0.06171875 0.07109375
2 0.27265625 0.4953125 0.103125 0.17421875
2 0.3421875 0.46015625 0.09453125 0.1453125
2 0.3796875 0.38125 0.05546875 0.0578125
2 0.42109375 0.48125 0.09296875 0.159375
2 0.5015625 0.48515625 0.0703125 0.13828125
0 0.50859375 0.56875 0.01953125 0.04375
2 0.45859375 0.40546875 0.040625 0.0578125
2 0.496875 0.38203125 0.059375 0.05
2 0.553125 0.3828125 0.0703125 0.0796875
2 0.5671875 0.4890625 0.06640625 0.15
2 0.615625 0.4734375 0.0453125 0.13828125
2 0.6328125 0.39765625 0.02578125 0.034375
2 0.65703125 0.4859375 0.0796875 0.146875
2 0.71015625 0.421875 0.046875 0.07265625
2 0.74921875 0.46875 0.10703125 0.14921875
2 0.803125 0.4578125 0.07421875 0.14921875
2 0.86640625 0.50234375 0.12578125 0.19609375
10 0.16484375 0.56640625 0.15234375 0.49296875
10 0.2234375 0.52421875 0.05703125 0.41171875
10 0.27109375 0.56796875 0.11953125 0.459375
10 0.3421875 0.5296875 0.096875 0.415625
10 0.38125 0.48203125 0.05703125 0.3890625
10 0.4203125 0.553125 0.09453125 0.43984375
10 0.45703125 0.515625 0.05625 0.390625
10 0.48359375 0.484375 0.03828125 0.37734375
10 0.4984375 0.55078125 0.0875 0.4078125
10 0.55390625 0.475 0.078125 0.384375
10 0.5640625 0.54765625 0.06796875 0.41171875
10 0.6046875 0.52734375 0.05546875 0.390625
10 0.63671875 0.50234375 0.04765625 0.384375
10 0.653125 0.5546875 0.08984375 0.41796875
10 0.70234375 0.50234375 0.05703125 0.37109375
10 0.7453125 0.55078125 0.11796875 0.4578125
10 0.79921875 0.528125 0.08203125 0.4421875
10 0.85703125 0.584375 0.1421875 0.50625
8 0.15625 0.78984375 0.0546875 0.0578125
8 0.2640625 0.7640625 0.0609375 0.05390625
8 0.4109375 0.73828125 0.034375 0.07578125
8 0.50625 0.71796875 0.03828125 0.07421875
8 0.56484375 0.72890625 0.04140625 0.0640625
8 0.8171875 0.7828125 0.05078125 0.06484375
8 0.86171875 0.80546875 0.03515625 0.06875
8 0.734375 0.75 0.05078125 0.07109375
8 0.70234375 0.728125 0.03046875 0.04765625
8 0.640625 0.721875 0.0359375 0.0484375
8 0.30390625 0.746875 0.0296875 0.05234375
8 0.36796875 0.709375 0.046875 0.04375