6 0.496875 0.4578125 0.071875 0.13125
6 0.66484375 0.0734375 0.075 0.121875
6 0.515625 0.059375 0.08125 0.11875
4 0.60859375 0.30625 0.0453125 0.10625
4 0.53515625 0.31875 0.0359375 0.084375
7 0.68984375 0.565625 0.075 0.0890625
5 0.65 0.08828125 0.0515625 0.040625
5 0.53125 0.0734375 0.046875 0.04375
7 0.8828125 0.1765625 0.0765625 0.059375
7 0.665625 0.51640625 0.0625 0.0390625
7 0.9015625 0.1078125 0.0625 0.053125
9 0.45546875 0.20234375 0.15390625 0.2671875
9 0.52421875 0.62890625 0.14140625 0.24375