10 0.72265625 0.29765625 0.05234375 0.31015625
10 0.78125 0.2625 0.04765625 0.28515625
10 0.60625 0.57265625 0.30234375 0.8546875
10 0.32109375 0.57265625 0.29765625 0.8546875
10 0.1203125 0.53515625 0.2203125 0.9296875
6 0.14765625 0.10234375 0.0921875 0.08515625
6 0.38125 0.22734375 0.1453125 0.1546875
6 0.6140625 0.21015625 0.13515625 0.13984375
6 0.7140625 0.1546875 0.0125 0.0203125
6 0.7796875 0.1328125 0.01484375 0.0203125
9 0.7828125 0.19765625 0.03515625 0.08984375
9 0.71484375 0.24765625 0.0328125 0.11015625
9 0.60390625 0.77734375 0.19765625 0.4453125
9 0.34140625 0.79765625 0.22265625 0.4046875
9 0.1234375 0.61484375 0.1671875 0.6