6 0.06640625 0.26328125 0.08515625 0.08671875
6 0.1390625 0.0296875 0.06484375 0.03984375
6 0.14765625 0.13515625 0.0625 0.046875
6 0.225 0.18671875 0.07265625 0.053125
6 0.32265625 0.19296875 0.07265625 0.05
6 0.0328125 0.5515625 0.06484375 0.08984375
6 0.34609375 0.41328125 0.07734375 0.08359375
6 0.4734375 0.66171875 0.08515625 0.0796875
6 0.40625 0.73828125 0.1 0.0703125
6 0.4859375 0.0765625 0.0828125 0.06328125
6 0.70859375 0.01328125 0.0671875 0.0265625
6 0.75625 0.18203125 0.0703125 0.06015625
6 0.9828125 0.2359375 0.034375 0.053125
6 0.9625 0.28671875 0.0671875 0.053125
6 0.9171875 0.40703125 0.10234375 0.0765625
6 0.90859375 0.703125 0.0796875 0.05
6 0.8625 0.6453125 0.04765625 0.046875
6 0.9734375 0.778125 0.05234375 0.0796875
6 0.7203125 0.41328125 0.08984375 0.06328125
6 0.4984375 0.3515625 0.07265625 0.05703125
6 0.5 0.19140625 0.08515625 0.0703125
9 0.94375 0.19140625 0.11015625 0.253125
9 0.86640625 0.1296875 0.1171875 0.21328125
9 0.70625 0.221875 0.1421875 0.25
9 0.44375 0.2203125 0.04765625 0.13671875
9 0.63515625 0.0546875 0.0796875 0.109375
9 0.46875 0.0703125 0.1296875 0.13671875
9 0.32265625 0.08984375 0.1203125 0.1765625
9 0.01796875 0.08984375 0.0359375 0.1734375
9 0.1421875 0.296875 0.08984375 0.13359375
9 0.07421875 0.49921875 0.1484375 0.2578125
9 0.0625 0.8234375 0.125 0.353125
9 0.21875 0.48203125 0.17265625 0.3296875
9 0.3578125 0.35703125 0.0921875 0.11328125
9 0.325 0.7015625 0.1578125 0.3265625
9 0.39765625 0.93671875 0.18984375 0.1265625
9 0.50625 0.8484375 0.08984375 0.15703125
9 0.61640625 0.98515625 0.15234375 0.0296875
9 0.70390625 0.70703125 0.12265625 0.3203125
9 0.91640625 0.6234375 0.1625 0.2296875
9 0.8265625 0.7984375 0.0828125 0.06640625
9 0.87265625 0.9078125 0.1421875 0.184375
9 0.95234375 0.96953125 0.0953125 0.0609375
6 0.62265625 0.8453125 0.075 0.05703125
10 0.6296875 0.096875 0.0953125 0.18984375
10 0.78125 0.0734375 0.075 0.14296875
10 0.69765625 0.19296875 0.2078125 0.38359375
10 0.86484375 0.15859375 0.1296875 0.31640625
10 0.9265625 0.19140625 0.146875 0.3828125
10 0.9828125 0.28984375 0.034375 0.1734375
10 0.96015625 0.396875 0.0796875 0.2734375
10 0.8828125 0.58671875 0.22734375 0.43359375
10 0.81875 0.81171875 0.1625 0.3765625
10 0.8484375 0.83828125 0.21484375 0.3234375
10 0.9421875 0.86796875 0.1125 0.26328125
10 0.7578125 0.3546875 0.2046875 0.41640625
10 0.71875 0.68671875 0.2171875 0.6265625
10 0.62578125 0.90625 0.1921875 0.1875
10 0.3953125 0.853125 0.275 0.29296875
10 0.5015625 0.7796875 0.15 0.3203125
10 0.51875 0.53984375 0.2 0.43984375
10 0.52109375 0.38671875 0.225 0.4703125
10 0.4921875 0.1953125 0.18984375 0.30703125
10 0.4828125 0.103125 0.2 0.20625
10 0.3203125 0.13203125 0.1921875 0.26328125
10 0.33125 0.3234375 0.16484375 0.303125
10 0.32265625 0.68515625 0.2296875 0.6296875
10 0.12421875 0.75 0.2484375 0.5
10 0.09921875 0.43359375 0.1984375 0.4203125
10 0.21640625 0.56484375 0.18515625 0.8203125
10 0.14375 0.24140625 0.1171875 0.26640625
10 0.2 0.071875 0.0671875 0.14296875
10 0.1453125 0.1265625 0.1453125 0.23984375
10 0.06484375 0.0453125 0.0328125 0.08984375
10 0.03359375 0.128125 0.0640625 0.25625