6 0.01015625 0.36953125 0.0203125 0.04375
6 0.178125 0.26796875 0.0296875 0.025
6 0.334375 0.31328125 0.034375 0.025
6 0.49921875 0.28828125 0.1875 0.13984375
10 0.61953125 0.32890625 0.0578125 0.10625
10 0.3390625 0.43515625 0.125 0.27265625
10 0.184375 0.38984375 0.0796875 0.28359375
10 0.040625 0.475 0.08125 0.25859375
10 0.5140625 0.609375 0.58125 0.78125
9 0.5203125 0.81015625 0.35625 0.37890625
9 0.02578125 0.5125 0.0515625 0.10234375
9 0.18046875 0.403125 0.059375 0.15390625
9 0.34140625 0.36796875 0.059375 0.05234375