3 0.3578125 0.12578125 0.078125 0.1203125
3 0.6 0.08515625 0.0796875 0.140625
3 0.5546875 0.14140625 0.059375 0.1078125
3 0.48515625 0.19140625 0.0453125 0.1140625
0 0.4703125 0.37421875 0.0453125 0.046875
0 0.50234375 0.37265625 0.0359375 0.0703125
0 0.5875 0.49296875 0.053125 0.0875
0 0.69609375 0.4375 0.0421875 0.06875
4 0.4 0.4296875 0.05 0.0828125
4 0.24921875 0.41328125 0.0421875 0.0671875
8 0.38515625 0.74140625 0.0765625 0.1265625
8 0.27421875 0.67578125 0.06875 0.109375
8 0.6078125 0.74375 0.0875 0.109375
8 0.44296875 0.58359375 0.040625 0.0765625
8 0.5703125 0.59765625 0.0546875 0.0703125
1 0.4875 0.21328125 0.034375 0.0296875
1 0.55546875 0.159375 0.040625 0.0484375
1 0.371875 0.14453125 0.0375 0.05
1 0.5796875 0.0984375 0.0265625 0.046875
8 0.6578125 0.7484375 0.0421875 0.11875