3 0.6421875 0.12578125 0.078125 0.1203125
3 0.4 0.08515625 0.0796875 0.140625
3 0.4453125 0.14140625 0.059375 0.1078125
3 0.51484375 0.19140625 0.0453125 0.1140625
0 0.5296875 0.37421875 0.0453125 0.046875
0 0.49765625 0.37265625 0.0359375 0.0703125
0 0.4125 0.49296875 0.053125 0.0875
0 0.30390625 0.4375 0.0421875 0.06875
4 0.6 0.4296875 0.05 0.0828125
4 0.75078125 0.41328125 0.0421875 0.0671875
8 0.61484375 0.74140625 0.0765625 0.1265625
8 0.72578125 0.67578125 0.06875 0.109375
8 0.3921875 0.74375 0.0875 0.109375
8 0.55703125 0.58359375 0.040625 0.0765625
8 0.4296875 0.59765625 0.0546875 0.0703125
1 0.5125 0.21328125 0.034375 0.0296875
1 0.44453125 0.159375 0.040625 0.0484375
1 0.628125 0.14453125 0.0375 0.05
1 0.4203125 0.0984375 0.0265625 0.046875
8 0.3421875 0.7484375 0.0421875 0.11875