10 0.11015625 0.575 0.2203125 0.85
3 0.12578125 0.23203125 0.1390625 0.14375
9 0.0953125 0.59765625 0.184375 0.4125
10 0.2703125 0.634375 0.146875 0.73125
9 0.27421875 0.58359375 0.121875 0.2484375
3 0.2875 0.321875 0.0796875 0.075
10 0.45546875 0.546875 0.303125 0.90625
10 0.64765625 0.615625 0.1640625 0.76875
9 0.40390625 0.53828125 0.2140625 0.4875
9 0.66640625 0.59921875 0.14375 0.2609375
3 0.46953125 0.19140625 0.125 0.16875
3 0.64921875 0.30390625 0.1390625 0.125
10 0.78515625 0.6078125 0.1578125 0.784375
3 0.76015625 0.271875 0.1046875 0.0953125
9 0.7921875 0.57578125 0.128125 0.325
10 0.8921875 0.54375 0.215625 0.9125
9 0.925 0.5359375 0.15 0.3828125
9 0.95234375 0.159375 0.0953125 0.1296875
4 0.27421875 0.6375 0.08515625 0.08359375
4 0.103125 0.41796875 0.0625 0.125
4 0.6859375 0.38515625 0.03984375 0.071875
4 0.61640625 0.49921875 0.08828125 0.08203125
4 0.84921875 0.74453125 0.06015625 0.10859375
4 0.9671875 0.44921875 0.065625 0.1640625
4 0.9 0.2984375 0.10546875 0.14296875