10 0.1953125 0.62421875 0.253125 0.746875
3 0.25703125 0.32421875 0.121875 0.140625
2 0.190625 0.57421875 0.1453125 0.3734375
10 0.3796875 0.6578125 0.171875 0.665625
2 0.378125 0.646875 0.1609375 0.3390625
3 0.39609375 0.38671875 0.1109375 0.0953125
10 0.58046875 0.63125 0.2296875 0.7375
2 0.565625 0.58984375 0.1765625 0.334375
3 0.534375 0.315625 0.0953125 0.096875
10 0.77890625 0.6484375 0.2296875 0.703125
3 0.7140625 0.35859375 0.0984375 0.1125
2 0.76171875 0.615625 0.1484375 0.346875
4 0.26640625 0.5984375 0.10078125 0.0890625
4 0.725 0.72109375 0.0984375 0.121875
4 0.60390625 0.68671875 0.10703125 0.065625
4 0.5203125 0.68125 0.06484375 0.08671875
4 0.40234375 0.66171875 0.07265625 0.09765625