10 0.19296875 0.690625 0.1890625 0.61875
9 0.18359375 0.6921875 0.1328125 0.2640625
6 0.18515625 0.41953125 0.0703125 0.0625
10 0.31796875 0.66875 0.121875 0.6625
9 0.31171875 0.63515625 0.109375 0.25
6 0.31484375 0.37109375 0.0609375 0.0515625
10 0.39765625 0.653125 0.1234375 0.69375
9 0.39921875 0.60859375 0.1453125 0.2921875
6 0.40625 0.3421875 0.0671875 0.053125
10 0.50625 0.73515625 0.1625 0.5265625
9 0.50625 0.7171875 0.1265625 0.2203125
6 0.490625 0.49765625 0.06875 0.0546875
10 0.575 0.634375 0.1625 0.73125
2 0.56328125 0.540625 0.125 0.25
3 0.55078125 0.325 0.0890625 0.08125
10 0.73828125 0.634375 0.1515625 0.73125
2 0.7359375 0.55625 0.1359375 0.24375
3 0.7390625 0.315625 0.071875 0.08125
10 0.87734375 0.64296875 0.178125 0.7109375
2 0.8578125 0.60859375 0.1359375 0.296875
3 0.85546875 0.340625 0.0828125 0.09375
4 0.196875 0.91953125 0.10859375 0.09921875
4 0.925 0.83359375 0.0671875 0.12890625