10 0.21015625 0.5734375 0.2734375 0.853125
2 0.26328125 0.39921875 0.1484375 0.215625
2 0.65625 0.428125 0.1375 0.23125
2 0.4921875 0.47109375 0.1484375 0.2140625
3 0.48828125 0.2421875 0.0890625 0.109375
6 0.653125 0.2359375 0.0875 0.090625
6 0.2921875 0.18671875 0.096875 0.0796875
10 0.6796875 0.5046875 0.2203125 0.990625
10 0.47421875 0.5875 0.1875 0.825
4 0.69140625 0.071875 0.07890625 0.11875
4 0.12421875 0.6203125 0.08671875 0.11796875
4 0.31171875 0.696875 0.07578125 0.11796875
0 0.45859375 0.44375 0.0953125 0.1484375