3 0.70390625 0.184375 0.1 0.121875
3 0.53984375 0.13828125 0.1 0.0921875
3 0.30234375 0.284375 0.096875 0.090625
9 0.721875 0.52265625 0.2671875 0.3609375
9 0.5265625 0.490625 0.2375 0.4125
2 0.2828125 0.571875 0.2140625 0.3109375
10 0.275 0.6125 0.2671875 0.775
10 0.7328125 0.559375 0.2515625 0.88125
10 0.53046875 0.540625 0.23125 0.91875
0 0.16640625 0.80859375 0.09140625 0.17265625
4 0.48515625 0.7328125 0.11015625 0.1265625
4 0.8109375 0.85 0.1078125 0.1359375
0 0.38515625 0.84375 0.08515625 0.14296875