10 0.278125 0.71953125 0.1 0.4859375
2 0.290625 0.640625 0.09375 0.165625
3 0.29140625 0.503125 0.05625 0.053125
10 0.3765625 0.69453125 0.1015625 0.5046875
2 0.375 0.60234375 0.096875 0.1546875
3 0.3828125 0.4734375 0.05 0.0453125
10 0.4640625 0.71875 0.0875 0.4234375
2 0.46328125 0.65390625 0.0734375 0.1421875
3 0.47578125 0.5375 0.05 0.0515625
10 0.55625 0.69609375 0.1296875 0.4453125
2 0.54296875 0.603125 0.08125 0.1109375
3 0.54609375 0.49921875 0.0640625 0.0375
10 0.65390625 0.69296875 0.1125 0.43125
2 0.64921875 0.61328125 0.0984375 0.153125
3 0.6515625 0.5109375 0.053125 0.05625