3 0.85 0.1203125 0.08125 0.078125
3 0.7375 0.1875 0.046875 0.05
3 0.60078125 0.16484375 0.0484375 0.0484375
3 0.53515625 0.178125 0.0515625 0.071875
3 0.125 0.19375 0.04375 0.04375
3 0.0703125 0.08359375 0.08125 0.0765625
2 0.8203125 0.32578125 0.253125 0.3015625
2 0.734375 0.36953125 0.0625 0.1140625
2 0.60859375 0.30390625 0.0765625 0.1546875
2 0.5265625 0.309375 0.090625 0.190625
2 0.32890625 0.290625 0.1015625 0.190625
2 0.0953125 0.3375 0.11875 0.325
8 0.1140625 0.765625 0.078125 0.046875
8 0.37890625 0.64609375 0.0546875 0.0265625
8 0.31015625 0.6453125 0.0328125 0.025
8 0.5359375 0.64375 0.046875 0.034375
3 0.32890625 0.13125 0.0828125 0.053125
10 0.09453125 0.4203125 0.1546875 0.790625
10 0.12890625 0.29765625 0.0609375 0.296875
10 0.33828125 0.38671875 0.2 0.596875
1 0.33671875 0.15234375 0.0671875 0.0265625
10 0.53046875 0.4046875 0.1359375 0.55625
10 0.615625 0.3859375 0.121875 0.521875
1 0.603125 0.1875 0.053125 0.0375
10 0.73203125 0.43359375 0.1234375 0.565625
1 0.73984375 0.21953125 0.0546875 0.028125
10 0.87109375 0.4359375 0.16875 0.75625
4 0.90078125 0.49375 0.0484375 0.0875
0 0.29375 0.4296875 0.0375 0.05859375
0 0.3875 0.40078125 0.03359375 0.05390625
0 0.64453125 0.42421875 0.0328125 0.05
0 0.58515625 0.4109375 0.02890625 0.04296875
0 0.76015625 0.47734375 0.0390625 0.03984375
0 0.696875 0.45546875 0.028125 0.0328125
0 0.1140625 0.475 0.03671875 0.0484375