10 0.83125 0.5625 0.3375 0.875
2 0.9234375 0.37734375 0.153125 0.2546875
3 0.7609375 0.24765625 0.1703125 0.2390625
10 0.59453125 0.56875 0.3484375 0.675
2 0.63203125 0.48515625 0.2640625 0.2390625
3 0.55625 0.29296875 0.15 0.1390625
10 0.365625 0.50703125 0.275 0.6765625
2 0.40625 0.4984375 0.1734375 0.296875
3 0.36484375 0.24375 0.1140625 0.15
4 0.7203125 0.9328125 0.153125 0.134375
4 0.4671875 0.83984375 0.1078125 0.17890625
4 0.52265625 0.8390625 0.11015625 0.1578125
4 0.3203125 0.5734375 0.103125 0.1328125