10 0.484375 0.5484375 0.146875 0.43125
2 0.47890625 0.475 0.1296875 0.10625
3 0.47578125 0.3890625 0.06875 0.0984375
10 0.29140625 0.51328125 0.153125 0.4984375
2 0.2828125 0.44375 0.1078125 0.153125
3 0.28984375 0.309375 0.065625 0.0765625
3 0.14375 0.27265625 0.0671875 0.065625
3 0.11171875 0.5046875 0.1953125 0.55
10 0.5328125 0.51796875 0.528125 0.47109375 0.5203125 0.41640625 0.4984375 0.39140625 0.4921875 0.35859375 0.47421875 0.35 0.4578125 0.36171875 0.4515625 0.39453125 0.434375 0.41796875 0.415625 0.46953125 0.415625 0.50078125 0.421875 0.54765625 0.43203125 0.5578125 0.440625 0.54609375 0.4390625 0.50234375 0.44296875 0.496875 0.4453125 0.50234375 0.4453125 0.58046875 0.4578125 0.60703125 0.4703125 0.73984375 0.48046875 0.753125 0.4875 0.75078125 0.490625 0.73359375 0.4875 0.59140625 0.4921875 0.58359375 0.5046875 0.65859375 0.50625 0.75234375 0.5171875 0.75390625 0.54375 0.75078125 0.5296875 0.72109375 0.5265625 0.57421875 0.5328125 0.51796875
4 0.125 0.28984375 0.04296875 0.046875
4 0.19609375 0.31484375 0.0421875 0.053125