10 0.925 0.54296875 0.15 0.6671875
2 0.93046875 0.4421875 0.1390625 0.2578125
3 0.9625 0.2515625 0.075 0.084375
10 0.6890625 0.54609375 0.159375 0.6421875
2 0.70078125 0.4328125 0.1171875 0.228125
3 0.69921875 0.2671875 0.0765625 0.078125
10 0.49140625 0.53828125 0.1546875 0.6203125
2 0.49765625 0.440625 0.1296875 0.20625
3 0.5015625 0.2671875 0.078125 0.071875
10 0.2984375 0.54921875 0.159375 0.690625
2 0.2921875 0.43125 0.128125 0.225
3 0.29921875 0.23515625 0.075 0.05
10 0.09375 0.490625 0.1875 0.825
2 0.0765625 0.328125 0.153125 0.2546875
3 0.10703125 0.13125 0.1015625 0.10625
0 0.72578125 0.57890625 0.0671875 0.07578125
0 0.95703125 0.61171875 0.05859375 0.1015625
0 0.52265625 0.565625 0.04765625 0.08046875
0 0.34453125 0.5390625 0.0546875 0.0765625
0 0.1421875 0.540625 0.07734375 0.11796875