10 0.8390625 0.5203125 0.215625 0.6078125
9 0.82109375 0.4671875 0.1484375 0.2140625
3 0.84453125 0.2765625 0.1140625 0.1140625
10 0.62421875 0.553125 0.25 0.7125
9 0.6328125 0.453125 0.134375 0.1875
3 0.646875 0.2546875 0.1 0.0984375
10 0.46875 0.44921875 0.2125 0.5484375
3 0.5296875 0.2171875 0.096875 0.071875
9 0.5 0.39765625 0.1203125 0.1765625
10 0.3234375 0.43671875 0.2390625 0.5796875
9 0.36171875 0.365625 0.1265625 0.1671875
3 0.390625 0.1921875 0.10625 0.084375
10 0.15546875 0.39609375 0.2078125 0.490625
9 0.178125 0.37734375 0.125 0.1921875
3 0.190625 0.19921875 0.08125 0.0796875
4 0.8921875 0.61875 0.065625 0.140625
0 0.63359375 0.55078125 0.14453125 0.14453125
0 0.48046875 0.43359375 0.08828125 0.1109375
0 0.39609375 0.42265625 0.06796875 0.09375
4 0.28515625 0.43515625 0.11484375 0.06171875
0 0.11640625 0.42109375 0.12265625 0.09140625