10 0.28984375 0.61796875 0.053125 0.16875
3 0.27890625 0.68359375 0.0328125 0.0296875
9 0.28203125 0.6328125 0.0359375 0.0640625
3 0.50703125 0.65078125 0.0265625 0.0296875
3 0.42890625 0.79765625 0.0265625 0.0296875
3 0.575 0.6359375 0.0328125 0.0359375
3 0.65390625 0.65234375 0.0265625 0.0328125
3 0.93046875 0.40078125 0.0328125 0.0390625
10 0.6609375 0.58984375 0.0453125 0.175
10 0.49765625 0.603125 0.046875 0.1578125
9 0.50390625 0.609375 0.0421875 0.0609375
10 0.5734375 0.57578125 0.04375 0.165625
10 0.42890625 0.73203125 0.059375 0.16875
10 0.92890625 0.33046875 0.053125 0.1734375
9 0.93046875 0.35234375 0.046875 0.0671875
9 0.534375 0.5640625 0.028125 0.0984375
9 0.5640625 0.590625 0.028125 0.078125
9 0.6578125 0.6171875 0.0328125 0.040625