10 0.84765625 0.3390625 0.2671875 0.6140625
2 0.8734375 0.3625 0.2140625 0.3109375
6 0.903125 0.58359375 0.09375 0.09375
10 0.546875 0.365625 0.13125 0.6234375
9 0.5375 0.46875 0.11875 0.2046875
10 0.41796875 0.3109375 0.1265625 0.621875
2 0.4296875 0.39296875 0.1265625 0.29375
6 0.54453125 0.6265625 0.0546875 0.090625
10 0.1 0.37421875 0.2 0.7484375
2 0.0953125 0.44375 0.165625 0.3734375
10 0.23203125 0.428125 0.1046875 0.4734375
3 0.2328125 0.6421875 0.0796875 0.0359375
9 0.22890625 0.51484375 0.090625 0.1640625
10 0.32109375 0.42890625 0.09375 0.453125
2 0.33671875 0.51171875 0.0765625 0.1578125
6 0.3296875 0.62421875 0.0515625 0.0640625
10 0.41953125 0.58671875 0.1109375 0.15
6 0.4203125 0.63828125 0.040625 0.0390625