3 0.8375 0.5484375 0.096875 0.096875
3 0.0328125 0.6109375 0.065625 0.171875
3 0.1296875 0.6125 0.084375 0.15
3 0.2015625 0.5484375 0.084375 0.103125
3 0.3125 0.5953125 0.08125 0.140625
3 0.46875 0.5921875 0.05 0.096875
3 0.5328125 0.571875 0.040625 0.1
3 0.584375 0.5453125 0.05 0.078125
3 0.6640625 0.590625 0.046875 0.0875
3 0.7078125 0.559375 0.065625 0.1
9 0.0375 0.2984375 0.075 0.378125
9 0.125 0.3875 0.1 0.26875
9 0.315625 0.4359375 0.1125 0.196875
9 0.4578125 0.4453125 0.090625 0.190625
9 0.521875 0.45625 0.0625 0.15
9 0.59375 0.4375 0.05625 0.14375
9 0.6546875 0.4390625 0.040625 0.153125
9 0.7078125 0.421875 0.065625 0.1625
9 0.85 0.346875 0.09375 0.2125
10 0.03515625 0.3640625 0.0703125 0.703125
10 0.12734375 0.35546875 0.103125 0.68125
10 0.19921875 0.3078125 0.0859375 0.6078125
10 0.3078125 0.34375 0.1203125 0.6234375
10 0.46640625 0.3703125 0.1 0.5390625
10 0.53125 0.378125 0.06875 0.4734375
10 0.590625 0.35 0.0859375 0.5109375
10 0.84609375 0.2953125 0.096875 0.5765625
10 0.70390625 0.3203125 0.096875 0.5890625
10 0.65 0.37734375 0.05625 0.53125