10 0.2671875 0.70625 0.3734375 0.5875
9 0.2203125 0.8375 0.240625 0.325
6 0.23359375 0.54375 0.225 0.25625
10 0.50390625 0.75625 0.3203125 0.4875
6 0.57109375 0.6640625 0.1859375 0.2953125
9 0.49375 0.925 0.2796875 0.15
10 0.775 0.59765625 0.24375 0.45625
9 0.73984375 0.665625 0.134375 0.2484375
6 0.72109375 0.4140625 0.103125 0.0921875
10 0.9046875 0.56875 0.190625 0.3984375
9 0.903125 0.63515625 0.16875 0.2375
6 0.915625 0.421875 0.1109375 0.1
10 0.27890625 0.3796875 0.2390625 0.6890625
6 0.29765625 0.103125 0.1078125 0.1171875
9 0.2546875 0.33671875 0.1828125 0.2921875
4 0.3671875 0.4734375 0.06875 0.1
4 0.87109375 0.7515625 0.0671875 0.08359375