10 0.1859375 0.4390625 0.315625 0.878125
10 0.36640625 0.38125 0.20625 0.7625
10 0.56953125 0.4015625 0.1953125 0.803125
10 0.76015625 0.4203125 0.3125 0.8296875
3 0.18671875 0.79140625 0.1390625 0.1421875
3 0.40390625 0.690625 0.1234375 0.121875
6 0.571875 0.7421875 0.1234375 0.109375
6 0.7890625 0.80625 0.1015625 0.05625
2 0.18125 0.290625 0.2484375 0.528125
2 0.37890625 0.29765625 0.1484375 0.378125
2 0.5578125 0.29453125 0.196875 0.465625
2 0.7890625 0.36640625 0.225 0.4703125
3 0.590625 0.2140625 0.184375 0.228125