10 0.31328125 0.55859375 0.3078125 0.7421875
6 0.34921875 0.24453125 0.0984375 0.0671875
9 0.3734375 0.45546875 0.1703125 0.203125
10 0.49296875 0.5640625 0.4140625 0.8140625
3 0.62421875 0.221875 0.1234375 0.1046875
2 0.6109375 0.46796875 0.178125 0.2484375
10 0.7390625 0.57578125 0.5140625 0.84375
2 0.88046875 0.48046875 0.21875 0.284375
3 0.88671875 0.23359375 0.1359375 0.153125
4 0.796875 0.440625 0.06796875 0.1078125
4 0.278125 0.553125 0.09921875 0.09453125
4 0.5453125 0.3890625 0.07109375 0.0921875
4 0.54921875 0.59609375 0.0796875 0.0875