10 0.90546875 0.5359375 0.175 0.4640625
10 0.69296875 0.6703125 0.1328125 0.1890625
10 0.4875 0.51171875 0.4125 0.628125
10 0.20078125 0.346875 0.4015625 0.5796875
3 0.86015625 0.3609375 0.0671875 0.0890625
2 0.92578125 0.47578125 0.121875 0.2390625
3 0.72890625 0.6171875 0.0578125 0.0546875
2 0.59296875 0.4640625 0.1765625 0.2515625
3 0.47421875 0.27578125 0.1125 0.128125
10 0.4125 0.53046875 0.1375 0.409375
2 0.40625 0.53046875 0.1359375 0.184375
3 0.4046875 0.371875 0.0890625 0.0796875
2 0.18984375 0.2453125 0.2359375 0.23125
3 0.3515625 0.1734375 0.090625 0.1609375
4 0.31953125 0.66015625 0.08515625 0.10078125
0 0.2109375 0.31875 0.1234375 0.1078125
0 0.30625 0.58046875 0.08671875 0.090625