10 0.2609375 0.66875 0.290625 0.44375
10 0.69609375 0.4296875 0.1109375 0.396875
10 0.5234375 0.53125 0.128125 0.3875
10 0.54375 0.29921875 0.08125 0.203125
10 0.11953125 0.5390625 0.0734375 0.146875
10 0.80625 0.45625 0.1703125 0.5421875
10 0.39921875 0.453125 0.0796875 0.4109375
10 0.4328125 0.36484375 0.0515625 0.290625
10 0.29296875 0.35546875 0.128125 0.209375
2 0.8171875 0.32890625 0.0890625 0.1703125
2 0.709375 0.36953125 0.0859375 0.1375
2 0.53828125 0.328125 0.0765625 0.0796875
2 0.5265625 0.3859375 0.0953125 0.0828125
9 0.39609375 0.39453125 0.0640625 0.14375
9 0.265625 0.365625 0.075 0.11875
2 0.12734375 0.5484375 0.059375 0.0828125
2 0.27890625 0.50625 0.1515625 0.1390625
3 0.27890625 0.28671875 0.040625 0.0609375
3 0.52578125 0.240625 0.0421875 0.0703125
3 0.42890625 0.246875 0.034375 0.0375