3 0.1609375 0.1640625 0.040625 0.071875
2 0.1609375 0.221875 0.059375 0.0875
2 0.171875 0.503125 0.11875 0.19375
2 0.865625 0.2828125 0.0375 0.128125
2 0.6578125 0.25 0.040625 0.0875
2 0.8109375 0.203125 0.034375 0.075
3 0.16796875 0.3421875 0.090625 0.090625
3 0.884375 0.19296875 0.034375 0.0515625
3 0.80234375 0.13828125 0.0328125 0.040625
3 0.653125 0.17890625 0.0421875 0.0359375
3 0.07265625 0.3796875 0.0375 0.053125
2 0.0234375 0.409375 0.0421875 0.0828125
3 0.24921875 0.1890625 0.01875 0.025
3 0.4421875 0.1515625 0.0296875 0.0265625
3 0.4375 0.0875 0.0421875 0.046875
3 0.4328125 0.17734375 0.0359375 0.028125
3 0.4796875 0.20078125 0.0296875 0.05
2 0.246875 0.21328125 0.028125 0.025
2 0.43203125 0.221875 0.0421875 0.0734375
2 0.49921875 0.24921875 0.0578125 0.053125
10 0.165625 0.603125 0.1859375 0.6046875
10 0.04296875 0.45078125 0.0859375 0.2
10 0.1625 0.21171875 0.0546875 0.1796875
10 0.2421875 0.203125 0.0390625 0.0921875
10 0.88046875 0.31171875 0.071875 0.303125
10 0.80625 0.2109375 0.05625 0.2078125
10 0.6421875 0.228125 0.109375 0.1734375
10 0.503125 0.2796875 0.078125 0.2140625
10 0.43671875 0.2703125 0.04375 0.2625
10 0.4234375 0.18046875 0.0515625 0.2296875