10 0.1609375 0.5203125 0.3140625 0.959375
9 0.16875 0.56171875 0.23125 0.396875
3 0.14921875 0.14375 0.1859375 0.1625
10 0.3296875 0.5984375 0.165625 0.803125
9 0.328125 0.5203125 0.125 0.303125
3 0.28515625 0.26875 0.0828125 0.1140625
10 0.53125 0.55 0.2921875 0.9
9 0.528125 0.496875 0.23125 0.3875
3 0.52265625 0.15703125 0.1078125 0.1046875
10 0.7359375 0.453125 0.171875 0.475
3 0.76171875 0.26953125 0.0796875 0.1046875
9 0.75859375 0.528125 0.1515625 0.26875
10 0.809375 0.559375 0.38125 0.88125
9 0.8859375 0.61328125 0.215625 0.4390625
3 0.86171875 0.2 0.1921875 0.1609375
4 0.24375 0.60625 0.15625 0.18046875
4 0.5125 0.746875 0.13671875 0.13671875
4 0.6828125 0.7234375 0.11484375 0.12734375
4 0.753125 0.8484375 0.15078125 0.12265625