10 0.30234375 0.50234375 0.5296875 0.9203125
2 0.3078125 0.65546875 0.390625 0.3203125
3 0.25703125 0.9 0.2015625 0.10625
10 0.75859375 0.46328125 0.409375 0.8734375
2 0.7265625 0.6 0.321875 0.30625
3 0.69765625 0.84296875 0.2015625 0.0984375
4 0.9125 0.4125 0.08671875 0.06796875
4 0.0671875 0.48671875 0.078125 0.07265625
4 0.50703125 0.4734375 0.11953125 0.0828125
4 0.621875 0.575 0.09921875 0.0734375
8 0.51171875 0.13046875 0.11015625 0.0984375
8 0.3296875 0.0828125 0.19609375 0.10859375
8 0.13359375 0.09375 0.17890625 0.09296875
8 0.71015625 0.07265625 0.14453125 0.10078125