10 0.8234375 0.5859375 0.190625 0.828125
9 0.8328125 0.52734375 0.1828125 0.315625
3 0.82265625 0.2421875 0.1375 0.1109375
10 0.5890625 0.646875 0.178125 0.70625
9 0.5796875 0.5796875 0.1578125 0.2328125
3 0.55703125 0.35859375 0.0875 0.1140625
10 0.428125 0.640625 0.1484375 0.71875
9 0.425 0.51953125 0.1109375 0.1953125
3 0.4265625 0.3296875 0.0703125 0.078125
10 0.26953125 0.62265625 0.1265625 0.725
3 0.24921875 0.30625 0.0796875 0.075
9 0.2546875 0.5140625 0.0953125 0.2015625
10 0.165625 0.6078125 0.1921875 0.784375
9 0.1578125 0.60703125 0.1515625 0.3875
3 0.153125 0.2734375 0.1078125 0.103125
4 0.2328125 0.75390625 0.0828125 0.10703125