3 0.1609375 0.6140625 0.059375 0.0609375
3 0.2375 0.5578125 0.046875 0.040625
3 0.3109375 0.54765625 0.040625 0.0421875
3 0.4078125 0.54453125 0.03125 0.0296875
3 0.3296875 0.56640625 0.03125 0.028125
3 0.48359375 0.56640625 0.0390625 0.0265625
3 0.5828125 0.5703125 0.0390625 0.040625
3 0.64453125 0.54609375 0.0359375 0.0328125
3 0.740625 0.5640625 0.05625 0.040625
3 0.84140625 0.5546875 0.046875 0.0453125
9 0.13984375 0.45703125 0.1015625 0.228125
9 0.234375 0.42109375 0.08125 0.19375
9 0.31328125 0.42734375 0.0875 0.1625
9 0.4015625 0.45390625 0.0734375 0.1390625
9 0.8453125 0.40546875 0.1140625 0.2078125
9 0.48671875 0.4734375 0.078125 0.115625
9 0.58125 0.46484375 0.0875 0.128125
9 0.65625 0.45625 0.0796875 0.1296875
9 0.7390625 0.4484375 0.0890625 0.1453125
10 0.14140625 0.36171875 0.11875 0.59375
10 0.2359375 0.37109375 0.0953125 0.4375
10 0.30703125 0.38046875 0.0625 0.4
10 0.34609375 0.42109375 0.0546875 0.35625
10 0.4078125 0.42109375 0.0578125 0.3125
10 0.4859375 0.425 0.0765625 0.3359375
10 0.578125 0.425 0.0734375 0.3484375
10 0.6546875 0.3953125 0.090625 0.3640625
10 0.73671875 0.39765625 0.096875 0.403125
10 0.85234375 0.35625 0.128125 0.4796875