10 0.8890625 0.6109375 0.2078125 0.778125
9 0.8859375 0.53828125 0.1640625 0.3
3 0.91875 0.290625 0.09375 0.1203125
10 0.11875 0.65625 0.2375 0.6875
9 0.1328125 0.68515625 0.1859375 0.325
3 0.10078125 0.38515625 0.11875 0.1125
10 0.4109375 0.653125 0.1828125 0.69375
9 0.41015625 0.6328125 0.1515625 0.3203125
3 0.41953125 0.378125 0.0859375 0.1203125
10 0.55859375 0.659375 0.1671875 0.68125
9 0.56640625 0.640625 0.1515625 0.3359375
3 0.553125 0.38515625 0.0796875 0.11875
10 0.64921875 0.6359375 0.128125 0.728125
3 0.621875 0.32421875 0.0796875 0.0890625
9 0.64375 0.5640625 0.0796875 0.2765625
4 0.353125 0.8 0.0625 0.07109375
4 0.51875 0.76328125 0.06171875 0.08828125
4 0.80625 0.64140625 0.0484375 0.0703125