10 0.178125 0.53515625 0.05625 0.178125
9 0.18359375 0.55 0.0390625 0.06875
3 0.18046875 0.596875 0.025 0.025
10 0.22734375 0.54921875 0.0375 0.1765625
9 0.22421875 0.58046875 0.03125 0.0546875
3 0.2203125 0.62109375 0.0234375 0.028125
10 0.29453125 0.5640625 0.034375 0.1625
9 0.2953125 0.5828125 0.025 0.0609375
3 0.290625 0.63046875 0.0203125 0.028125
10 0.36640625 0.55625 0.0421875 0.16875
9 0.36953125 0.571875 0.03125 0.0703125
3 0.36484375 0.625 0.028125 0.025
10 0.46328125 0.55078125 0.0484375 0.153125
9 0.46640625 0.56328125 0.0265625 0.0671875
3 0.46171875 0.61328125 0.021875 0.0234375