10 0.68984375 0.678125 0.140625 0.3171875
10 0.571875 0.66796875 0.0921875 0.3046875
10 0.48203125 0.7140625 0.0625 0.328125
3 0.646875 0.54375 0.0578125 0.0453125
2 0.66328125 0.61484375 0.0546875 0.075
2 0.56484375 0.6203125 0.0515625 0.0921875
3 0.56875 0.5390625 0.0328125 0.028125
3 0.48125 0.57109375 0.053125 0.0375
2 0.47265625 0.66015625 0.0546875 0.1078125
10 0.44921875 0.6890625 0.04375 0.2765625
3 0.453125 0.56796875 0.028125 0.0328125
2 0.44453125 0.63828125 0.0421875 0.084375
10 0.49765625 0.578125 0.0421875 0.0984375
3 0.49140625 0.5484375 0.0359375 0.0234375
2 0.5125 0.6125 0.025 0.0859375
10 0.39296875 0.7015625 0.0703125 0.3375
2 0.4015625 0.6390625 0.053125 0.1046875
3 0.4109375 0.55234375 0.0359375 0.034375
10 0.2609375 0.67421875 0.0609375 0.3015625
10 0.3140625 0.6828125 0.0703125 0.3140625
3 0.27265625 0.53828125 0.0328125 0.0265625
3 0.33203125 0.54140625 0.034375 0.0328125
2 0.265625 0.61484375 0.04375 0.0875
2 0.3171875 0.62109375 0.05 0.0953125