3 0.29609375 0.184375 0.1 0.121875
3 0.46015625 0.13828125 0.1 0.0921875
3 0.69765625 0.284375 0.096875 0.090625
9 0.278125 0.52265625 0.2671875 0.3609375
9 0.4734375 0.490625 0.2375 0.4125
2 0.7171875 0.571875 0.2140625 0.3109375
10 0.725 0.6125 0.2671875 0.775
10 0.2671875 0.559375 0.2515625 0.88125
10 0.46953125 0.540625 0.23125 0.91875
0 0.83359375 0.80859375 0.09140625 0.17265625
4 0.51484375 0.7328125 0.11015625 0.1265625
4 0.1890625 0.85 0.1078125 0.1359375
0 0.61484375 0.84375 0.08515625 0.14296875