10 0.515625 0.5484375 0.146875 0.43125
2 0.52109375 0.475 0.1296875 0.10625
3 0.52421875 0.3890625 0.06875 0.0984375
10 0.70859375 0.51328125 0.153125 0.4984375
2 0.7171875 0.44375 0.1078125 0.153125
3 0.71015625 0.309375 0.065625 0.0765625
3 0.85625 0.27265625 0.0671875 0.065625
3 0.88828125 0.5046875 0.1953125 0.55
10 0.4734375 0.57421875 0.4703125 0.72109375 0.45625 0.75078125 0.4828125 0.75390625 0.49375 0.75234375 0.4953125 0.65859375 0.5078125 0.58359375 0.5125 0.59140625 0.509375 0.73359375 0.5125 0.75078125 0.51953125 0.753125 0.5296875 0.73984375 0.5421875 0.60703125 0.5546875 0.58046875 0.5546875 0.50234375 0.55703125 0.496875 0.5609375 0.50234375 0.559375 0.54609375 0.56796875 0.5578125 0.578125 0.54765625 0.584375 0.50078125 0.584375 0.46953125 0.565625 0.41796875 0.5484375 0.39453125 0.5421875 0.36171875 0.52578125 0.35 0.5078125 0.35859375 0.5015625 0.39140625 0.4796875 0.41640625 0.471875 0.47109375 0.4671875 0.51796875 0.4734375 0.57421875
4 0.875 0.28984375 0.04296875 0.046875
4 0.80390625 0.31484375 0.0421875 0.053125