10 0.1875 0.40859375 0.375 0.7984375
2 0.12421875 0.6765625 0.2484375 0.2515625
3 0.32109375 0.69765625 0.115625 0.184375
10 0.3140625 0.31796875 0.278125 0.50625
2 0.3015625 0.37109375 0.215625 0.2625
3 0.3984375 0.49375 0.0828125 0.15625
10 0.64921875 0.3578125 0.259375 0.596875
2 0.640625 0.40390625 0.1734375 0.234375
3 0.5875 0.59609375 0.0984375 0.11875
4 0.15234375 0.3765625 0.07890625 0.08359375
4 0.6953125 0.1875 0.08359375 0.08046875
4 0.59375 0.2765625 0.0875 0.084375
0 0.19140625 0.15546875 0.06875 0.12890625