10 0.22109375 0.5734375 0.20625 0.853125
3 0.22578125 0.18828125 0.090625 0.0875
2 0.2265625 0.4734375 0.1859375 0.3734375
10 0.378125 0.6046875 0.15625 0.790625
3 0.3765625 0.25078125 0.0859375 0.0765625
2 0.378125 0.49765625 0.1296875 0.296875
10 0.503125 0.603125 0.140625 0.79375
3 0.49296875 0.2484375 0.0953125 0.0765625
2 0.49921875 0.4796875 0.121875 0.2703125
10 0.6265625 0.59921875 0.1484375 0.7875
3 0.6140625 0.2515625 0.0859375 0.08125
9 0.61875 0.4453125 0.121875 0.228125
10 0.76953125 0.60625 0.1734375 0.7578125
2 0.75 0.4828125 0.1296875 0.253125
3 0.7390625 0.26953125 0.0875 0.0859375
4 0.2765625 0.5890625 0.07421875 0.0953125
4 0.4125 0.60546875 0.06875 0.07890625
4 0.5109375 0.59140625 0.065625 0.07421875
8 0.79921875 0.94921875 0.09765625 0.08515625
8 0.375 0.9671875 0.0875 0.065625
8 0.53203125 0.9546875 0.0890625 0.090625
8 0.67265625 0.953125 0.0765625 0.09375
8 0.58984375 0.93203125 0.07265625 0.07421875
8 0.459375 0.9578125 0.046875 0.084375