3 0.35703125 0.86328125 0.028125 0.0390625
3 0.26953125 0.91796875 0.0234375 0.0390625
3 0.2 0.875 0.025 0.04375
3 0.1640625 0.8890625 0.0234375 0.03125
9 0.36484375 0.90859375 0.028125 0.0625
9 0.29296875 0.92890625 0.0359375 0.0453125
9 0.1640625 0.9328125 0.04375 0.0640625
2 0.203125 0.9265625 0.04375 0.0640625
2 0.015625 0.9359375 0.028125 0.0703125
10 0.3671875 0.915625 0.046875 0.1609375
10 0.290625 0.940625 0.0625 0.11875
10 0.0203125 0.9296875 0.040625 0.1203125
10 0.153125 0.934375 0.0546875 0.13125
10 0.20859375 0.91875 0.046875 0.153125