10 0.4796875 0.465625 0.203125 0.45
10 0.63671875 0.525 0.2 0.5125
2 0.46953125 0.5125 0.1578125 0.2875
2 0.628125 0.53125 0.15 0.275
6 0.628125 0.30234375 0.075 0.059375
6 0.47890625 0.26796875 0.0828125 0.0453125
10 0.89140625 0.61640625 0.171875 0.5015625
2 0.8890625 0.6546875 0.146875 0.265625
6 0.84765625 0.41953125 0.0890625 0.0890625
6 0.82421875 0.28671875 0.0765625 0.0640625
10 0.81875 0.509375 0.19375 0.525
2 0.81484375 0.5296875 0.1046875 0.309375
4 0.63671875 0.5171875 0.0765625 0.103125
4 0.55625 0.66484375 0.075 0.0859375