3 0.10078125 0.18125 0.071875 0.08125
3 0.64296875 0.14140625 0.0546875 0.0609375
3 0.75546875 0.1421875 0.0578125 0.059375
3 0.8265625 0.43671875 0.053125 0.0640625
2 0.096875 0.4390625 0.153125 0.325
2 0.6265625 0.365625 0.115625 0.259375
2 0.76171875 0.3484375 0.1171875 0.253125
2 0.85390625 0.63359375 0.1234375 0.2265625
8 0.20078125 0.978125 0.0796875 0.04375
8 0.75390625 0.81796875 0.0609375 0.0421875
8 0.79296875 0.86640625 0.0671875 0.0484375
8 0.8796875 0.853125 0.034375 0.06875
10 0.84296875 0.6515625 0.2203125 0.5046875
10 0.7765625 0.478125 0.153125 0.7265625
1 0.75390625 0.17890625 0.0609375 0.03125
10 0.62578125 0.475 0.1578125 0.73125
8 0.65625 0.80859375 0.0828125 0.075
8 0.08515625 0.9734375 0.0578125 0.053125
10 0.12421875 0.56796875 0.2484375 0.8640625
4 0.22421875 0.4046875 0.0390625 0.0703125
4 0.04296875 0.64453125 0.0546875 0.0578125
4 0.79375 0.69140625 0.04453125 0.0609375
4 0.79609375 0.7578125 0.05625 0.05078125