10 0.146875 0.45703125 0.29375 0.9140625
2 0.140625 0.621875 0.2796875 0.578125
3 0.15546875 0.09765625 0.2703125 0.1953125
10 0.33203125 0.45234375 0.1640625 0.9046875
2 0.33828125 0.56015625 0.159375 0.5640625
3 0.33671875 0.1015625 0.1484375 0.146875
10 0.55234375 0.4828125 0.24375 0.815625
2 0.5671875 0.50859375 0.1734375 0.4296875
3 0.57421875 0.14609375 0.1390625 0.134375
10 0.76015625 0.45078125 0.3078125 0.8453125
2 0.77578125 0.590625 0.221875 0.6015625
3 0.75 0.10625 0.2046875 0.171875
4 0.634375 0.66953125 0.0625 0.1328125