10 0.62734375 0.371875 0.271875 0.640625
6 0.6078125 0.1390625 0.175 0.1609375
9 0.60625 0.44453125 0.21875 0.3328125
10 0.28203125 0.5 0.5640625 1
9 0.13359375 0.534375 0.265625 0.521875
6 0.14765625 0.1359375 0.2953125 0.2703125
10 0.534375 0.4015625 0.5203125 0.6375
6 0.396875 0.1515625 0.1375 0.14375
9 0.375 0.4828125 0.2015625 0.3703125
0 0.4859375 0.86328125 0.18359375 0.26328125
0 0.6984375 0.66640625 0.1859375 0.10546875
0 0.534375 0.6828125 0.09921875 0.1125
0 0.28125 0.76328125 0.16171875 0.13828125