10 0.84296875 0.44296875 0.0609375 0.090625
3 0.82734375 0.421875 0.021875 0.0296875
9 0.84453125 0.43984375 0.03125 0.034375
10 0.74609375 0.36640625 0.0390625 0.1015625
3 0.75 0.328125 0.028125 0.0265625
9 0.74921875 0.36015625 0.0359375 0.04375
10 0.70859375 0.3640625 0.040625 0.109375
3 0.7125 0.3234375 0.0265625 0.028125
9 0.71015625 0.35859375 0.0296875 0.04375
10 0.778125 0.7328125 0.0625 0.1390625
3 0.76953125 0.6796875 0.0234375 0.0296875
9 0.78828125 0.7125 0.03125 0.05625
10 0.6546875 0.825 0.065625 0.1140625
3 0.65390625 0.78359375 0.03125 0.0359375
9 0.66484375 0.8078125 0.0453125 0.0421875
3 0.68828125 0.5828125 0.0265625 0.034375
3 0.59609375 0.72578125 0.0328125 0.040625