10 0.1625 0.684375 0.19375 0.63125
2 0.121875 0.6453125 0.11875 0.309375
3 0.159375 0.41328125 0.0859375 0.0921875
10 0.3390625 0.69921875 0.140625 0.5921875
2 0.3421875 0.64453125 0.109375 0.2375
3 0.3515625 0.4484375 0.084375 0.078125
10 0.77421875 0.6265625 0.3546875 0.746875
2 0.80859375 0.7078125 0.2734375 0.459375
3 0.753125 0.32265625 0.175 0.1296875
4 0.65703125 0.51484375 0.07578125 0.14765625
4 0.28671875 0.55625 0.065625 0.09296875
4 0.22109375 0.53125 0.06640625 0.08671875
4 0.19609375 0.86953125 0.059375 0.13125