10 0.61796875 0.65078125 0.1171875 0.6296875
10 0.52734375 0.63046875 0.109375 0.565625
10 0.45390625 0.6015625 0.08125 0.5140625
10 0.3640625 0.58359375 0.090625 0.5171875
10 0.26015625 0.621875 0.10625 0.55
10 0.1828125 0.61328125 0.0703125 0.5625
10 0.296875 0.49453125 0.04375 0.2625
3 0.178125 0.37265625 0.0578125 0.04375
2 0.18828125 0.53828125 0.05625 0.1625
2 0.26796875 0.53203125 0.0859375 0.1875
2 0.36171875 0.50625 0.0734375 0.16875
2 0.459375 0.5 0.075 0.1546875
2 0.53203125 0.52109375 0.0890625 0.1796875
2 0.61015625 0.5296875 0.08125 0.2078125
3 0.26796875 0.3765625 0.046875 0.0671875
3 0.29375 0.3828125 0.0328125 0.053125
3 0.3671875 0.3640625 0.046875 0.05625
3 0.4546875 0.36796875 0.0515625 0.059375
3 0.52265625 0.38515625 0.0609375 0.06875
3 0.59765625 0.36484375 0.0578125 0.0546875