10 0.15234375 0.3390625 0.2671875 0.6140625
2 0.1265625 0.3625 0.2140625 0.3109375
6 0.096875 0.58359375 0.09375 0.09375
10 0.453125 0.365625 0.13125 0.6234375
9 0.4625 0.46875 0.11875 0.2046875
10 0.58203125 0.3109375 0.1265625 0.621875
2 0.5703125 0.39296875 0.1265625 0.29375
6 0.45546875 0.6265625 0.0546875 0.090625
10 0.9 0.37421875 0.2 0.7484375
2 0.9046875 0.44375 0.165625 0.3734375
10 0.76796875 0.428125 0.1046875 0.4734375
3 0.7671875 0.6421875 0.0796875 0.0359375
9 0.77109375 0.51484375 0.090625 0.1640625
10 0.67890625 0.42890625 0.09375 0.453125
2 0.66328125 0.51171875 0.0765625 0.1578125
6 0.6703125 0.62421875 0.0515625 0.0640625
10 0.58046875 0.58671875 0.1109375 0.15
6 0.5796875 0.63828125 0.040625 0.0390625