10 0.84375 0.53515625 0.28125 0.9265625
2 0.8390625 0.5796875 0.196875 0.4765625
3 0.871875 0.17265625 0.125 0.1671875
10 0.5390625 0.42109375 0.346875 0.8359375
2 0.55390625 0.47265625 0.2328125 0.5140625
3 0.58515625 0.05703125 0.1421875 0.1109375
10 0.2625 0.53359375 0.2875 0.9171875
3 0.30625 0.171875 0.15 0.1953125
2 0.30703125 0.52421875 0.2078125 0.4171875
4 0.5421875 0.58515625 0.103125 0.14921875
4 0.859375 0.9140625 0.13046875 0.1390625
4 0.7359375 0.75625 0.07109375 0.11796875
4 0.27265625 0.909375 0.128125 0.1359375