6 0.74609375 0.6421875 0.1171875 0.10625
9 0.73671875 0.3109375 0.1515625 0.403125
6 0.3609375 0.14296875 0.121875 0.1609375
6 0.15 0.075 0.15625 0.15
6 0.94140625 0.225 0.1171875 0.159375
6 0.0234375 0.19921875 0.046875 0.1328125
10 0.7125 0.3546875 0.2484375 0.709375
10 0.38046875 0.1203125 0.2109375 0.240625
10 0.0375 0.140625 0.075 0.28125
10 0.153125 0.08125 0.1609375 0.1625
10 0.915625 0.153125 0.1546875 0.30625
4 0.640625 0.5203125 0.06171875 0.15859375
4 0.7328125 0.19765625 0.12734375 0.10703125