10 0.115625 0.56171875 0.14375 0.8734375
10 0.20703125 0.52265625 0.0875 0.825
10 0.2515625 0.3296875 0.0578125 0.459375
10 0.32734375 0.534375 0.0984375 0.81875
10 0.38671875 0.490625 0.078125 0.76875
10 0.425 0.1828125 0.05625 0.2265625
10 0.47109375 0.55625 0.128125 0.7859375
10 0.509375 0.28828125 0.0359375 0.3390625
10 0.56328125 0.51328125 0.1 0.7625
10 0.61875 0.5109375 0.06875 0.7328125
10 0.6828125 0.52734375 0.0984375 0.7171875
2 0.12421875 0.40859375 0.1109375 0.2609375
2 0.2046875 0.36484375 0.0953125 0.240625
2 0.32734375 0.38984375 0.0921875 0.2625
2 0.39453125 0.3390625 0.06875 0.1953125
2 0.67890625 0.40625 0.1140625 0.2234375
2 0.5578125 0.36796875 0.103125 0.215625
2 0.47109375 0.42265625 0.090625 0.2421875
2 0.42578125 0.246875 0.0578125 0.09375
3 0.1203125 0.175 0.0640625 0.071875
3 0.20234375 0.1484375 0.05625 0.071875
3 0.2609375 0.15234375 0.05625 0.0640625
3 0.3265625 0.165625 0.0546875 0.078125
3 0.38984375 0.15 0.05625 0.0640625
3 0.4328125 0.11171875 0.05625 0.065625
3 0.4671875 0.1890625 0.0546875 0.06875
3 0.51796875 0.1578125 0.0390625 0.065625
3 0.55390625 0.1734375 0.0515625 0.0796875
3 0.62109375 0.190625 0.0484375 0.0703125
3 0.67578125 0.2140625 0.05 0.0640625
4 0.09765625 0.59765625 0.0515625 0.0953125
4 0.3265625 0.53984375 0.09296875 0.09765625
4 0.4515625 0.48515625 0.059375 0.08828125
4 0.65546875 0.496875 0.0890625 0.08125
4 0.2328125 0.51484375 0.059375 0.09140625