10 0.78984375 0.5375 0.2640625 0.925
3 0.74453125 0.14609375 0.159375 0.146875
2 0.7796875 0.58203125 0.2359375 0.521875
10 0.60234375 0.60390625 0.265625 0.7921875
2 0.60234375 0.68671875 0.225 0.4421875
10 0.45625 0.5890625 0.165625 0.8171875
3 0.43828125 0.26875 0.115625 0.159375
10 0.30546875 0.58203125 0.35 0.8359375
3 0.3078125 0.2484375 0.1484375 0.1671875
2 0.30546875 0.7015625 0.3015625 0.4953125
3 0.60078125 0.2953125 0.1875 0.184375
4 0.6078125 0.76328125 0.0765625 0.08828125
4 0.76328125 0.87421875 0.09765625 0.11015625