10 0.1125 0.4734375 0.13125 0.740625
2 0.1234375 0.60859375 0.103125 0.2015625
3 0.1359375 0.8 0.084375 0.0625
10 0.221875 0.440625 0.11875 0.68125
2 0.221875 0.5296875 0.1125 0.2015625
3 0.21484375 0.73671875 0.0671875 0.0734375
10 0.30234375 0.48984375 0.1046875 0.6703125
2 0.30078125 0.61015625 0.0765625 0.1921875
3 0.31328125 0.7828125 0.0703125 0.059375
10 0.38515625 0.46171875 0.1328125 0.6703125
2 0.3765625 0.5765625 0.1171875 0.196875
3 0.3796875 0.75390625 0.065625 0.0578125
10 0.50078125 0.47421875 0.1515625 0.6453125
2 0.4921875 0.5796875 0.1046875 0.209375
3 0.4859375 0.74609375 0.065625 0.0734375
10 0.6125 0.41875 0.1421875 0.625
2 0.603125 0.51484375 0.11875 0.2078125
3 0.6 0.696875 0.0765625 0.05625
10 0.72890625 0.45703125 0.1390625 0.659375
2 0.71875 0.58984375 0.13125 0.1890625
3 0.7265625 0.75859375 0.084375 0.0546875
10 0.83828125 0.40703125 0.2 0.7546875
2 0.8296875 0.565625 0.140625 0.21875
3 0.8203125 0.74296875 0.090625 0.0796875