10 0.8234375 0.4140625 0.190625 0.828125
9 0.8328125 0.47265625 0.1828125 0.315625
3 0.82265625 0.7578125 0.1375 0.1109375
10 0.5890625 0.353125 0.178125 0.70625
9 0.5796875 0.4203125 0.1578125 0.2328125
3 0.55703125 0.64140625 0.0875 0.1140625
10 0.428125 0.359375 0.1484375 0.71875
9 0.425 0.48046875 0.1109375 0.1953125
3 0.4265625 0.6703125 0.0703125 0.078125
10 0.26953125 0.37734375 0.1265625 0.725
3 0.24921875 0.69375 0.0796875 0.075
9 0.2546875 0.4859375 0.0953125 0.2015625
10 0.165625 0.3921875 0.1921875 0.784375
9 0.1578125 0.39296875 0.1515625 0.3875
3 0.153125 0.7265625 0.1078125 0.103125
4 0.22890625 0.25703125 0.078125 0.12890625