10 0.68828125 0.2140625 0.1234375 0.428125
2 0.6703125 0.3015625 0.075 0.1375
3 0.66015625 0.40078125 0.0578125 0.05
10 0.71640625 0.290625 0.078125 0.371875
10 0.42890625 0.2546875 0.071875 0.3578125
2 0.43125 0.31328125 0.06875 0.11875
3 0.44765625 0.40546875 0.034375 0.0390625
10 0.36171875 0.23671875 0.0828125 0.4734375
2 0.36328125 0.31875 0.071875 0.159375
3 0.37421875 0.446875 0.05 0.059375
10 0.27578125 0.2671875 0.146875 0.525
2 0.27109375 0.29296875 0.1109375 0.246875
3 0.3125 0.48828125 0.0765625 0.08125
10 0.11796875 0.3234375 0.2359375 0.6375
3 0.1765625 0.59453125 0.1234375 0.0921875
2 0.128125 0.346875 0.16875 0.3296875