3 0.78359375 0.184375 0.16875 0.07734375
3 0.4890625 0.23828125 0.15625 0.075
3 0.19296875 0.2703125 0.1390625 0.06953125
2 0.19140625 0.5125 0.2546875 0.26171875
2 0.48515625 0.47890625 0.28203125 0.246875
2 0.8 0.4609375 0.31953125 0.29375
10 0.17890625 0.61484375 0.31953125 0.7703125
10 0.47109375 0.5953125 0.3421875 0.809375
10 0.80859375 0.5703125 0.38203125 0.859375
4 0.35078125 0.65703125 0.11640625 0.096875
4 0.92734375 0.68515625 0.08125 0.1078125
4 0.10234375 0.6765625 0.10546875 0.11484375