10 0.1859375 0.5609375 0.315625 0.878125
10 0.36640625 0.61875 0.20625 0.7625
10 0.56953125 0.5984375 0.1953125 0.803125
10 0.76015625 0.5796875 0.3125 0.8296875
3 0.18671875 0.20859375 0.1390625 0.1421875
3 0.40390625 0.309375 0.1234375 0.121875
6 0.571875 0.2578125 0.1234375 0.109375
6 0.7890625 0.19375 0.1015625 0.05625
2 0.18125 0.709375 0.2484375 0.528125
2 0.37890625 0.70234375 0.1484375 0.378125
2 0.5578125 0.70546875 0.196875 0.465625
2 0.7890625 0.63359375 0.225 0.4703125
3 0.590625 0.7859375 0.184375 0.228125