10 0.228125 0.6984375 0.1578125 0.603125
10 0.41015625 0.696875 0.1578125 0.60625
10 0.5703125 0.61484375 0.078125 0.3515625
10 0.725 0.64609375 0.103125 0.3859375
10 0.6578125 0.5359375 0.053125 0.2046875
10 0.4625 0.5234375 0.0859375 0.2140625
10 0.340625 0.61015625 0.0765625 0.3875
10 0.1875 0.4890625 0.0875 0.2390625
2 0.23828125 0.60234375 0.0953125 0.2015625
2 0.33046875 0.5390625 0.05625 0.1203125
2 0.40234375 0.603125 0.1015625 0.2078125
2 0.56953125 0.5640625 0.075 0.1328125
2 0.71484375 0.59140625 0.090625 0.15625
2 0.6625 0.503125 0.0515625 0.0796875
2 0.47265625 0.57421875 0.05 0.184375
2 0.19609375 0.48984375 0.053125 0.0484375
3 0.203125 0.41640625 0.0375 0.04375
3 0.2453125 0.4328125 0.059375 0.0671875
3 0.33046875 0.43828125 0.03125 0.0328125
3 0.39765625 0.42734375 0.0484375 0.05
3 0.45 0.45 0.0328125 0.0328125
3 0.565625 0.46484375 0.0359375 0.0359375
3 0.7109375 0.48125 0.040625 0.04375
3 0.6671875 0.45546875 0.0234375 0.0265625
4 0.18984375 0.72265625 0.0484375 0.05
8 0.23046875 0.9734375 0.0296875 0.053125
8 0.4203125 0.9671875 0.059375 0.065625