10 0.8265625 0.5625 0.159375 0.7125
9 0.840625 0.4375 0.125 0.24375
10 0.64921875 0.4921875 0.071875 0.321875
9 0.653125 0.43203125 0.0484375 0.1015625
3 0.6578125 0.35703125 0.0390625 0.0453125
10 0.303125 0.49609375 0.096875 0.4546875
9 0.31328125 0.42578125 0.0703125 0.1421875
3 0.31953125 0.29609375 0.0515625 0.0515625
10 0.3953125 0.484375 0.078125 0.440625
9 0.40234375 0.409375 0.075 0.140625
3 0.4015625 0.2875 0.0421875 0.046875
10 0.465625 0.484375 0.075 0.403125
9 0.4671875 0.41796875 0.053125 0.1234375
3 0.46796875 0.30703125 0.0421875 0.0421875
10 0.53046875 0.484375 0.0671875 0.375
9 0.53828125 0.4203125 0.0515625 0.125
3 0.54140625 0.31953125 0.0390625 0.0359375
10 0.58203125 0.48984375 0.0578125 0.3328125
9 0.58359375 0.43359375 0.0453125 0.1078125
3 0.590625 0.340625 0.028125 0.03125
3 0.840625 0.25078125 0.08125 0.0765625