10 0.2453125 0.446875 0.378125 0.66875
2 0.26484375 0.36484375 0.1859375 0.2609375
3 0.3703125 0.19453125 0.115625 0.15625
10 0.403125 0.48515625 0.20625 0.5625
2 0.41328125 0.45859375 0.1234375 0.2734375
3 0.4328125 0.25 0.078125 0.1125
10 0.5578125 0.42578125 0.190625 0.68125
9 0.53828125 0.25546875 0.1171875 0.1734375
9 0.5171875 0.13671875 0.0640625 0.0765625
4 0.29921875 0.6640625 0.09140625 0.12734375
4 0.59296875 0.475 0.06640625 0.0859375
4 0.38125 0.4609375 0.05234375 0.08984375
4 0.46015625 0.696875 0.08828125 0.13046875