10 0.71015625 0.38203125 0.053125 0.16875
3 0.72109375 0.31640625 0.0328125 0.0296875
9 0.71796875 0.3671875 0.0359375 0.0640625
3 0.49296875 0.34921875 0.0265625 0.0296875
3 0.57109375 0.20234375 0.0265625 0.0296875
3 0.425 0.3640625 0.0328125 0.0359375
3 0.34609375 0.34765625 0.0265625 0.0328125
3 0.06953125 0.59921875 0.0328125 0.0390625
10 0.3390625 0.41015625 0.0453125 0.175
10 0.50234375 0.396875 0.046875 0.1578125
9 0.49609375 0.390625 0.0421875 0.0609375
10 0.4265625 0.42421875 0.04375 0.165625
10 0.57109375 0.26796875 0.059375 0.16875
10 0.07109375 0.66953125 0.053125 0.1734375
9 0.06953125 0.64765625 0.046875 0.0671875
9 0.465625 0.4359375 0.028125 0.0984375
9 0.4359375 0.409375 0.028125 0.078125
9 0.3421875 0.3828125 0.0328125 0.040625