10 0.5203125 0.465625 0.203125 0.45
10 0.36328125 0.525 0.2 0.5125
2 0.53046875 0.5125 0.1578125 0.2875
2 0.371875 0.53125 0.15 0.275
6 0.371875 0.30234375 0.075 0.059375
6 0.52109375 0.26796875 0.0828125 0.0453125
10 0.10859375 0.61640625 0.171875 0.5015625
2 0.1109375 0.6546875 0.146875 0.265625
6 0.15234375 0.41953125 0.0890625 0.0890625
6 0.17578125 0.28671875 0.0765625 0.0640625
10 0.18125 0.509375 0.19375 0.525
2 0.18515625 0.5296875 0.1046875 0.309375
4 0.36328125 0.5171875 0.0765625 0.103125
4 0.44375 0.66484375 0.075 0.0859375