10 0.5765625 0.53828125 0.1359375 0.75
9 0.565625 0.3984375 0.1015625 0.2234375
3 0.56015625 0.20234375 0.06875 0.075
10 0.4140625 0.509375 0.1125 0.3078125
9 0.41796875 0.4875 0.078125 0.1109375
3 0.428125 0.38984375 0.05 0.053125
10 0.26953125 0.46328125 0.1375 0.2875
9 0.24609375 0.4390625 0.05625 0.096875
3 0.253125 0.346875 0.0375 0.04375
10 0.134375 0.4578125 0.14375 0.3125
9 0.14921875 0.42265625 0.0734375 0.1015625
3 0.1484375 0.3234375 0.046875 0.0453125
4 0.58125 0.42890625 0.06796875 0.08125
4 0.4015625 0.58671875 0.05234375 0.078125