10 0.56015625 0.5890625 0.0671875 0.0828125
3 0.5640625 0.56171875 0.0296875 0.021875
9 0.55390625 0.59765625 0.040625 0.0390625
10 0.7265625 0.60390625 0.0578125 0.1453125
9 0.728125 0.59375 0.0546875 0.071875
3 0.7171875 0.54453125 0.034375 0.03125
10 0.13984375 0.90546875 0.078125 0.1765625
9 0.13515625 0.8828125 0.071875 0.06875
3 0.14921875 0.83203125 0.0390625 0.0328125
10 0.6046875 0.08828125 0.1421875 0.1671875
3 0.54921875 0.02421875 0.0390625 0.0296875
9 0.58671875 0.05078125 0.0765625 0.0703125
10 0.5015625 0.18515625 0.109375 0.1546875