10 0.5578125 0.4765625 0.0828125 0.346875
10 0.4828125 0.3671875 0.090625 0.2640625
10 0.24921875 0.23515625 0.1390625 0.3578125
10 0.7765625 0.49921875 0.1640625 0.340625
3 0.8109375 0.39921875 0.0796875 0.1015625
3 0.5515625 0.3953125 0.0640625 0.1078125
3 0.47734375 0.33125 0.0578125 0.1171875
3 0.23984375 0.12734375 0.08125 0.140625
9 0.7859375 0.52578125 0.0890625 0.14375
9 0.57734375 0.43203125 0.0546875 0.1890625
9 0.47265625 0.3328125 0.065625 0.1515625
9 0.26015625 0.2171875 0.128125 0.2015625