10 0.83515625 0.49296875 0.3125 0.8375
10 0.43828125 0.59375 0.3015625 0.7796875
3 0.83515625 0.1390625 0.1421875 0.1140625
2 0.8484375 0.40078125 0.23125 0.309375
3 0.4390625 0.27421875 0.096875 0.109375
2 0.44375 0.47109375 0.18125 0.2375
3 0.16796875 0.25546875 0.115625 0.1125
2 0.15625 0.46484375 0.2171875 0.2640625
10 0.14609375 0.59296875 0.2921875 0.8140625
0 0.89453125 0.47578125 0.0984375 0.10703125
0 0.7703125 0.47890625 0.07109375 0.09453125
0 0.34453125 0.634375 0.0828125 0.13046875
0 0.5515625 0.615625 0.07734375 0.10546875
0 0.2609375 0.6453125 0.06484375 0.1140625
0 0.04453125 0.63828125 0.0796875 0.0765625