10 0.68671875 0.44140625 0.3078125 0.7421875
6 0.65078125 0.75546875 0.0984375 0.0671875
9 0.6265625 0.54453125 0.1703125 0.203125
10 0.50703125 0.4359375 0.4140625 0.8140625
3 0.37578125 0.778125 0.1234375 0.1046875
2 0.3890625 0.53203125 0.178125 0.2484375
10 0.2609375 0.42421875 0.5140625 0.84375
2 0.11953125 0.51953125 0.21875 0.284375
3 0.11328125 0.76640625 0.1359375 0.153125
8 0.79765625 0.134375 0.10390625 0.1421875
8 0.64921875 0.1375 0.11953125 0.12421875
8 0.4515625 0.08203125 0.1390625 0.14453125
4 0.19296875 0.56328125 0.08203125 0.10703125
4 0.45703125 0.409375 0.0984375 0.0921875
4 0.70546875 0.43125 0.0890625 0.09296875