10 0.21953125 0.553125 0.2765625 0.89375
9 0.1921875 0.503125 0.165625 0.3984375
3 0.18359375 0.16953125 0.146875 0.1265625
10 0.40078125 0.60859375 0.1390625 0.7734375
9 0.40546875 0.49140625 0.1109375 0.2765625
3 0.40234375 0.2703125 0.0859375 0.103125
10 0.696875 0.528125 0.1375 0.7375
9 0.7015625 0.38046875 0.103125 0.1859375
3 0.7015625 0.20390625 0.078125 0.0765625
10 0.82890625 0.559375 0.2015625 0.88125
9 0.83359375 0.45546875 0.1796875 0.3421875
3 0.79453125 0.18671875 0.1125 0.1171875
4 0.3203125 0.6359375 0.0828125 0.08125
4 0.65078125 0.56015625 0.07578125 0.0796875