3 0.8390625 0.6140625 0.059375 0.0609375
3 0.7625 0.5578125 0.046875 0.040625
3 0.6890625 0.54765625 0.040625 0.0421875
3 0.5921875 0.54453125 0.03125 0.0296875
3 0.6703125 0.56640625 0.03125 0.028125
3 0.51640625 0.56640625 0.0390625 0.0265625
3 0.4171875 0.5703125 0.0390625 0.040625
3 0.35546875 0.54609375 0.0359375 0.0328125
3 0.259375 0.5640625 0.05625 0.040625
3 0.15859375 0.5546875 0.046875 0.0453125
9 0.86015625 0.45703125 0.1015625 0.228125
9 0.765625 0.42109375 0.08125 0.19375
9 0.68671875 0.42734375 0.0875 0.1625
9 0.5984375 0.45390625 0.0734375 0.1390625
9 0.1546875 0.40546875 0.1140625 0.2078125
9 0.51328125 0.4734375 0.078125 0.115625
9 0.41875 0.46484375 0.0875 0.128125
9 0.34375 0.45625 0.0796875 0.1296875
9 0.2609375 0.4484375 0.0890625 0.1453125
10 0.85859375 0.36171875 0.11875 0.59375
10 0.7640625 0.37109375 0.0953125 0.4375
10 0.69296875 0.38046875 0.0625 0.4
10 0.65390625 0.42109375 0.0546875 0.35625
10 0.5921875 0.42109375 0.0578125 0.3125
10 0.5140625 0.425 0.0765625 0.3359375
10 0.421875 0.425 0.0734375 0.3484375
10 0.3453125 0.3953125 0.090625 0.3640625
10 0.26328125 0.39765625 0.096875 0.403125
10 0.14765625 0.35625 0.128125 0.4796875