10 0.2 0.5765625 0.2546875 0.846875
2 0.2296875 0.6078125 0.184375 0.446875
3 0.2578125 0.2359375 0.1296875 0.1421875
9 0.434375 0.58359375 0.2125 0.5109375
10 0.43984375 0.5609375 0.2234375 0.878125
10 0.65625 0.5703125 0.2125 0.859375
3 0.47265625 0.17734375 0.1203125 0.121875
9 0.6453125 0.55234375 0.2078125 0.3984375
3 0.63515625 0.2125 0.1015625 0.1234375
10 0.8734375 0.625 0.253125 0.75
9 0.86640625 0.6421875 0.2375 0.3390625
3 0.83515625 0.3203125 0.1078125 0.1328125
4 0.38828125 0.7203125 0.0953125 0.1515625
4 0.128125 0.93046875 0.11640625 0.121875
4 0.81875 0.7921875 0.09296875 0.1328125