10 0.78046875 0.553125 0.2765625 0.89375
9 0.8078125 0.503125 0.165625 0.3984375
3 0.81640625 0.16953125 0.146875 0.1265625
10 0.59921875 0.60859375 0.1390625 0.7734375
9 0.59453125 0.49140625 0.1109375 0.2765625
3 0.59765625 0.2703125 0.0859375 0.103125
10 0.303125 0.528125 0.1375 0.7375
9 0.2984375 0.38046875 0.103125 0.1859375
3 0.2984375 0.20390625 0.078125 0.0765625
10 0.17109375 0.559375 0.2015625 0.88125
9 0.16640625 0.45546875 0.1796875 0.3421875
3 0.20546875 0.18671875 0.1125 0.1171875
4 0.6796875 0.6359375 0.0828125 0.08125
4 0.34921875 0.56015625 0.07578125 0.0796875