10 0.60234375 0.58984375 0.053125 0.203125
9 0.59765625 0.5546875 0.0328125 0.0609375
3 0.6015625 0.50625 0.028125 0.0359375
10 0.65859375 0.59765625 0.0453125 0.190625
9 0.65625 0.56796875 0.034375 0.0703125
3 0.653125 0.51640625 0.03125 0.0359375
10 0.68984375 0.51953125 0.034375 0.184375
9 0.68828125 0.50078125 0.03125 0.0703125
3 0.68671875 0.4515625 0.028125 0.034375
10 0.7453125 0.52578125 0.0421875 0.1734375
9 0.74296875 0.50546875 0.04375 0.0703125
3 0.74765625 0.45234375 0.025 0.025
10 0.746875 0.43671875 0.0390625 0.08125
9 0.74921875 0.446875 0.028125 0.0421875
3 0.74453125 0.41328125 0.028125 0.03125