10 0.8375 0.684375 0.19375 0.63125
2 0.878125 0.6453125 0.11875 0.309375
3 0.840625 0.41328125 0.0859375 0.0921875
10 0.6609375 0.69921875 0.140625 0.5921875
2 0.6578125 0.64453125 0.109375 0.2375
3 0.6484375 0.4484375 0.084375 0.078125
10 0.22578125 0.6265625 0.3546875 0.746875
2 0.19140625 0.7078125 0.2734375 0.459375
3 0.246875 0.32265625 0.175 0.1296875
4 0.34296875 0.51484375 0.07578125 0.14765625
4 0.71328125 0.55625 0.065625 0.09296875
4 0.77890625 0.53125 0.06640625 0.08671875
4 0.80390625 0.86953125 0.059375 0.13125