10 0.1125 0.5265625 0.13125 0.740625
2 0.1234375 0.39140625 0.103125 0.2015625
3 0.1359375 0.2 0.084375 0.0625
10 0.221875 0.559375 0.11875 0.68125
2 0.221875 0.4703125 0.1125 0.2015625
3 0.21484375 0.26328125 0.0671875 0.0734375
10 0.30234375 0.51015625 0.1046875 0.6703125
2 0.30078125 0.38984375 0.0765625 0.1921875
3 0.31328125 0.2171875 0.0703125 0.059375
10 0.38515625 0.53828125 0.1328125 0.6703125
2 0.3765625 0.42421875 0.1171875 0.196875
3 0.3796875 0.24609375 0.065625 0.0578125
10 0.50078125 0.52578125 0.1515625 0.6453125
2 0.4921875 0.4203125 0.1046875 0.209375
3 0.4859375 0.25390625 0.065625 0.0734375
10 0.6125 0.58203125 0.1421875 0.625
2 0.603125 0.48515625 0.11875 0.2078125
3 0.6 0.303125 0.0765625 0.05625
10 0.72890625 0.54296875 0.1390625 0.659375
2 0.71875 0.41015625 0.13125 0.1890625
3 0.7265625 0.24140625 0.084375 0.0546875
10 0.83828125 0.59296875 0.2 0.7546875
2 0.8296875 0.434375 0.140625 0.21875
3 0.8203125 0.25703125 0.090625 0.0796875
4 0.0796875 0.5375 0.053125 0.06171875
4 0.89375 0.59140625 0.05 0.07421875
4 0.771875 0.59453125 0.04375 0.0625
4 0.6515625 0.61953125 0.034375 0.05703125
4 0.5578125 0.61875 0.03984375 0.0484375
4 0.44453125 0.5703125 0.0453125 0.0703125