10 0.78984375 0.4625 0.2640625 0.925
3 0.74453125 0.85390625 0.159375 0.146875
2 0.7796875 0.41796875 0.2359375 0.521875
10 0.603125 0.39609375 0.265625 0.7921875
2 0.60234375 0.31328125 0.225 0.4421875
10 0.45625 0.4109375 0.165625 0.8171875
3 0.43828125 0.73125 0.115625 0.159375
10 0.30546875 0.41796875 0.35 0.8359375
3 0.3078125 0.7515625 0.1484375 0.1671875
2 0.30546875 0.2984375 0.3015625 0.4953125
3 0.60078125 0.7046875 0.1875 0.184375
4 0.753125 0.0953125 0.15 0.1578125
4 0.628125 0.24453125 0.08828125 0.10625