10 0.8140625 0.5609375 0.315625 0.878125
10 0.63359375 0.61875 0.20625 0.7625
10 0.43046875 0.5984375 0.1953125 0.803125
10 0.23984375 0.5796875 0.3125 0.8296875
3 0.81328125 0.20859375 0.1390625 0.1421875
3 0.59609375 0.309375 0.1234375 0.121875
6 0.428125 0.2578125 0.1234375 0.109375
6 0.2109375 0.19375 0.1015625 0.05625
2 0.81875 0.709375 0.2484375 0.528125
2 0.62109375 0.70234375 0.1484375 0.378125
2 0.4421875 0.70546875 0.196875 0.465625
2 0.2109375 0.63359375 0.225 0.4703125
3 0.409375 0.7859375 0.184375 0.228125