10 0.821875 0.46484375 0.05625 0.178125
9 0.81640625 0.45 0.0390625 0.06875
3 0.81953125 0.40390625 0.025 0.025
10 0.77265625 0.45078125 0.0375 0.1765625
9 0.77578125 0.41953125 0.03125 0.0546875
3 0.7796875 0.37890625 0.0234375 0.028125
10 0.70546875 0.4359375 0.034375 0.1625
9 0.7046875 0.4171875 0.025 0.0609375
3 0.709375 0.36953125 0.0203125 0.028125
10 0.63359375 0.44375 0.0421875 0.16875
9 0.63046875 0.428125 0.03125 0.0703125
3 0.63515625 0.375 0.028125 0.025
10 0.53671875 0.44921875 0.0484375 0.153125
9 0.53359375 0.43671875 0.0265625 0.0671875
3 0.53828125 0.38671875 0.021875 0.0234375