10 0.075 0.54296875 0.15 0.6671875
2 0.06953125 0.4421875 0.1390625 0.2578125
3 0.0375 0.2515625 0.075 0.084375
10 0.3109375 0.54609375 0.159375 0.6421875
2 0.29921875 0.4328125 0.1171875 0.228125
3 0.30078125 0.2671875 0.0765625 0.078125
10 0.50859375 0.53828125 0.1546875 0.6203125
2 0.50234375 0.440625 0.1296875 0.20625
3 0.4984375 0.2671875 0.078125 0.071875
10 0.7015625 0.54921875 0.159375 0.690625
2 0.7078125 0.43125 0.128125 0.225
3 0.70078125 0.23515625 0.075 0.05
10 0.90625 0.490625 0.1875 0.825
2 0.9234375 0.328125 0.153125 0.2546875
3 0.89296875 0.13125 0.1015625 0.10625
0 0.27421875 0.57890625 0.0671875 0.07578125
0 0.04296875 0.61171875 0.05859375 0.1015625
0 0.47734375 0.565625 0.04765625 0.08046875
0 0.65546875 0.5390625 0.0546875 0.0765625
0 0.8578125 0.540625 0.07734375 0.11796875