3 0.1609375 0.8359375 0.040625 0.071875
2 0.1609375 0.778125 0.059375 0.0875
2 0.171875 0.496875 0.11875 0.19375
2 0.865625 0.7171875 0.0375 0.128125
2 0.6578125 0.75 0.040625 0.0875
2 0.8109375 0.796875 0.034375 0.075
3 0.16796875 0.6578125 0.090625 0.090625
3 0.884375 0.80703125 0.034375 0.0515625
3 0.80234375 0.86171875 0.0328125 0.040625
3 0.653125 0.82109375 0.0421875 0.0359375
3 0.07265625 0.6203125 0.0375 0.053125
2 0.0234375 0.590625 0.0421875 0.0828125
3 0.24921875 0.8109375 0.01875 0.025
3 0.4421875 0.8484375 0.0296875 0.0265625
3 0.4375 0.9125 0.0421875 0.046875
3 0.4328125 0.82265625 0.0359375 0.028125
3 0.4796875 0.79921875 0.0296875 0.05
2 0.246875 0.78671875 0.028125 0.025
2 0.43203125 0.778125 0.0421875 0.0734375
2 0.49921875 0.75078125 0.0578125 0.053125
10 0.165625 0.396875 0.1859375 0.6046875
10 0.04296875 0.54921875 0.0859375 0.2
10 0.1625 0.78828125 0.0546875 0.1796875
10 0.2421875 0.796875 0.0390625 0.0921875
10 0.88046875 0.68828125 0.071875 0.303125
10 0.80625 0.7890625 0.05625 0.2078125
10 0.6421875 0.771875 0.109375 0.1734375
10 0.503125 0.7203125 0.078125 0.2140625
10 0.43671875 0.7296875 0.04375 0.2625
10 0.4234375 0.81953125 0.0515625 0.2296875