6 0.1203125 0.20703125 0.071875 0.08046875
3 0.284375 0.19609375 0.0859375 0.09453125
3 0.54921875 0.1140625 0.084375 0.09140625
3 0.8203125 0.134375 0.0921875 0.09453125
2 0.10859375 0.45859375 0.165625 0.346875
9 0.29140625 0.46796875 0.1125 0.26953125
2 0.5546875 0.44296875 0.1921875 0.421875
9 0.825 0.46953125 0.1640625 0.428125
10 0.7890625 0.54296875 0.29375 0.9140625
10 0.53515625 0.5328125 0.2859375 0.934375
10 0.3046875 0.56640625 0.221875 0.86640625
10 0.1 0.58046875 0.196875 0.8390625
0 0.28125 0.665625 0.0703125 0.128125
0 0.32421875 0.6625 0.05 0.1359375
4 0.80625 0.5 0.11171875 0.20859375
4 0.415625 0.61875 0.06640625 0.15625
4 0.6328125 0.71484375 0.0609375 0.14453125
4 0.1234375 0.684375 0.0515625 0.096875
4 0.0796875 0.68671875 0.04375 0.13203125
4 0.67109375 0.503125 0.05625 0.14609375