10 0.35625 0.5 0.7125 1
9 0.340625 0.609375 0.640625 0.78125
6 0.41171875 0.03515625 0.3203125 0.0703125
10 0.77578125 0.3328125 0.33125 0.4296875
9 0.77578125 0.3875 0.2296875 0.2265625
6 0.815625 0.1734375 0.1296875 0.1265625
10 0.54296875 0.2890625 0.146875 0.2640625
6 0.5625 0.24375 0.1265625 0.1375
10 0.640625 0.30078125 0.1015625 0.303125
6 0.62890625 0.2203125 0.0796875 0.090625
4 0.19609375 0.940625 0.2109375 0.11875
4 0.58359375 0.9390625 0.1921875 0.121875
4 0.70625 0.49609375 0.1125 0.1109375
4 0.8890625 0.2734375 0.0828125 0.10859375
4 0.6671875 0.2546875 0.09375 0.07734375