10 0.28046875 0.265625 0.0921875 0.421875
9 0.28359375 0.34296875 0.0765625 0.1453125
3 0.28671875 0.4609375 0.0390625 0.0390625
10 0.35234375 0.259375 0.0734375 0.415625
9 0.35390625 0.340625 0.0609375 0.1234375
3 0.3515625 0.4453125 0.034375 0.04375
10 0.42578125 0.26015625 0.078125 0.4359375
9 0.42265625 0.334375 0.0734375 0.14375
3 0.42578125 0.45390625 0.05 0.0375
10 0.4953125 0.2484375 0.0953125 0.4125
9 0.496875 0.33046875 0.0734375 0.1125
6 0.49140625 0.43984375 0.0375 0.03125
10 0.571875 0.2375 0.0859375 0.3921875
9 0.5703125 0.3015625 0.0671875 0.11875
3 0.57109375 0.41328125 0.0453125 0.034375
10 0.63828125 0.25625 0.078125 0.44375
9 0.6359375 0.33125 0.065625 0.1296875
6 0.63125 0.45625 0.0359375 0.0328125
10 0.71015625 0.2546875 0.0921875 0.440625
9 0.70546875 0.334375 0.075 0.14375
3 0.70390625 0.45 0.0484375 0.0375