10 0.16875 0.5625 0.3375 0.875
2 0.0765625 0.37734375 0.153125 0.2546875
3 0.2390625 0.24765625 0.1703125 0.2390625
10 0.40546875 0.56875 0.3484375 0.675
2 0.36796875 0.48515625 0.2640625 0.2390625
3 0.44375 0.29296875 0.15 0.1390625
10 0.634375 0.50703125 0.275 0.6765625
2 0.59375 0.4984375 0.1734375 0.296875
3 0.63515625 0.24375 0.1140625 0.15
4 0.2796875 0.9328125 0.153125 0.134375
4 0.5328125 0.83984375 0.1078125 0.17890625
4 0.47734375 0.8390625 0.11015625 0.1578125
4 0.6796875 0.5734375 0.103125 0.1328125