10 0.39765625 0.58984375 0.053125 0.203125
9 0.40234375 0.5546875 0.0328125 0.0609375
3 0.3984375 0.50625 0.028125 0.0359375
10 0.34140625 0.59765625 0.0453125 0.190625
9 0.34375 0.56796875 0.034375 0.0703125
3 0.346875 0.51640625 0.03125 0.0359375
10 0.31015625 0.51953125 0.034375 0.184375
9 0.31171875 0.50078125 0.03125 0.0703125
3 0.31328125 0.4515625 0.028125 0.034375
10 0.2546875 0.52578125 0.0421875 0.1734375
9 0.25703125 0.50546875 0.04375 0.0703125
3 0.25234375 0.45234375 0.025 0.025
10 0.253125 0.43671875 0.0390625 0.08125
9 0.25078125 0.446875 0.028125 0.0421875
3 0.25546875 0.41328125 0.028125 0.03125