10 0.15625 0.53515625 0.28125 0.9265625
2 0.1609375 0.5796875 0.196875 0.4765625
3 0.128125 0.17265625 0.125 0.1671875
10 0.4609375 0.42109375 0.346875 0.8359375
2 0.44609375 0.47265625 0.2328125 0.5140625
3 0.41484375 0.05703125 0.1421875 0.1109375
10 0.7375 0.53359375 0.2875 0.9171875
3 0.69375 0.171875 0.15 0.1953125
2 0.69296875 0.52421875 0.2078125 0.4171875
4 0.4578125 0.58515625 0.103125 0.14921875
4 0.140625 0.9140625 0.13046875 0.1390625
4 0.2640625 0.75625 0.07109375 0.11796875
4 0.72734375 0.909375 0.128125 0.1359375