10 0.184375 0.49765625 0.1953125 0.4515625
3 0.2328125 0.3171875 0.084375 0.078125
9 0.18671875 0.43984375 0.1203125 0.159375
10 0.28203125 0.38671875 0.1015625 0.4234375
3 0.290625 0.21875 0.0546875 0.04375
9 0.2859375 0.31015625 0.05 0.115625
10 0.759375 0.4546875 0.1515625 0.409375
9 0.75859375 0.38203125 0.08125 0.134375
3 0.76328125 0.271875 0.0578125 0.0546875
0 0.70546875 0.4578125 0.03125 0.053125
0 0.81953125 0.428125 0.03984375 0.05390625
0 0.29609375 0.41796875 0.04296875 0.03828125
0 0.2203125 0.5796875 0.06875 0.07578125