3 0.6875 0.034375 0.15 0.06875
3 0.51796875 0.24921875 0.1640625 0.2453125
0 0.696875 0.328125 0.0875 0.121875
0 0.77109375 0.32890625 0.0796875 0.1171875
8 0.771875 0.840625 0.096875 0.096875
8 0.5765625 0.84765625 0.065625 0.0953125
8 0.30703125 0.94921875 0.1078125 0.1015625
8 0.56640625 0.94375 0.1609375 0.1
0 0.56953125 0.6359375 0.1015625 0.184375
10 0.4515625 0.5546875 0.375 0.890625
10 0.69921875 0.4453125 0.2765625 0.890625
4 0.484375 0.7828125 0.06796875 0.1453125
0 0.56171875 0.6078125 0.07890625 0.12109375