10 0.78984375 0.5734375 0.2734375 0.853125
2 0.73671875 0.39921875 0.1484375 0.215625
2 0.34375 0.428125 0.1375 0.23125
2 0.5078125 0.47109375 0.1484375 0.2140625
3 0.51171875 0.2421875 0.0890625 0.109375
6 0.346875 0.2359375 0.0875 0.090625
6 0.7078125 0.18671875 0.096875 0.0796875
10 0.3203125 0.5046875 0.2203125 0.990625
10 0.52578125 0.5875 0.1875 0.825
4 0.30859375 0.071875 0.07890625 0.11875
4 0.87578125 0.6203125 0.08671875 0.11796875
4 0.68828125 0.696875 0.07578125 0.11796875
0 0.54140625 0.44375 0.0953125 0.1484375