10 0.21015625 0.4625 0.2640625 0.925
3 0.25546875 0.85390625 0.159375 0.146875
2 0.2203125 0.41796875 0.2359375 0.521875
10 0.396875 0.39609375 0.265625 0.7921875
2 0.39765625 0.31328125 0.225 0.4421875
10 0.54375 0.4109375 0.165625 0.8171875
3 0.56171875 0.73125 0.115625 0.159375
10 0.69453125 0.41796875 0.35 0.8359375
3 0.6921875 0.7515625 0.1484375 0.1671875
2 0.69453125 0.2984375 0.3015625 0.4953125
3 0.39921875 0.7046875 0.1875 0.184375
4 0.246875 0.0953125 0.15 0.1578125
4 0.371875 0.24453125 0.08828125 0.10625