10 0.14609375 0.609375 0.0859375 0.5765625
2 0.1453125 0.525 0.0703125 0.2
3 0.159375 0.3546875 0.0546875 0.0515625
10 0.62578125 0.59765625 0.090625 0.465625
2 0.6296875 0.53671875 0.04375 0.171875
3 0.62890625 0.39375 0.040625 0.04375
10 0.5765625 0.56796875 0.05625 0.4234375
3 0.578125 0.37890625 0.028125 0.0375
2 0.58203125 0.51015625 0.0453125 0.1546875
10 0.51328125 0.5203125 0.053125 0.3890625
2 0.51171875 0.5203125 0.0515625 0.1828125
3 0.515625 0.36875 0.04375 0.053125
10 0.45625 0.58984375 0.06875 0.446875
2 0.4515625 0.54296875 0.0515625 0.1875
10 0.390625 0.60078125 0.0703125 0.415625
2 0.39296875 0.546875 0.05625 0.1640625
3 0.4453125 0.40625 0.034375 0.06875
3 0.3953125 0.42265625 0.040625 0.04375
10 0.33125 0.584375 0.0609375 0.48125
3 0.33046875 0.37109375 0.0375 0.0453125
2 0.33671875 0.52109375 0.053125 0.15
10 0.31484375 0.65390625 0.1734375 0.6921875
2 0.2796875 0.54140625 0.0734375 0.2609375
3 0.28125 0.3359375 0.053125 0.06875
8 0.3265625 0.96171875 0.053125 0.071875
8 0.27265625 0.93671875 0.07109375 0.07734375
8 0.14765625 0.884375 0.06015625 0.06171875