10 0.15703125 0.44296875 0.0609375 0.090625
3 0.17265625 0.421875 0.021875 0.0296875
9 0.15546875 0.43984375 0.03125 0.034375
10 0.25390625 0.36640625 0.0390625 0.1015625
3 0.25 0.328125 0.028125 0.0265625
9 0.25078125 0.36015625 0.0359375 0.04375
10 0.29140625 0.3640625 0.040625 0.109375
3 0.2875 0.3234375 0.0265625 0.028125
9 0.28984375 0.35859375 0.0296875 0.04375
10 0.221875 0.7328125 0.0625 0.1390625
3 0.23046875 0.6796875 0.0234375 0.0296875
9 0.21171875 0.7125 0.03125 0.05625
10 0.3453125 0.825 0.065625 0.1140625
3 0.34609375 0.78359375 0.03125 0.0359375
9 0.33515625 0.8078125 0.0453125 0.0421875
3 0.31171875 0.5828125 0.0265625 0.034375
3 0.40390625 0.72578125 0.0328125 0.040625