3 0.85078125 0.32109375 0.1375 0.16875
3 0.4015625 0.43671875 0.13515625 0.17421875
2 0.87421875 0.771875 0.25078125 0.45546875
3 0.61171875 0.0796875 0.13046875 0.1515625
3 0.153125 0.08203125 0.11484375 0.15
2 0.61953125 0.54609375 0.246875 0.6
2 0.41796875 0.840625 0.26328125 0.31875
2 0.15546875 0.528125 0.215625 0.48359375
10 0.80390625 0.6203125 0.39140625 0.759375
10 0.62109375 0.5015625 0.35390625 0.99609375
10 0.378125 0.6765625 0.30234375 0.64609375
10 0.15546875 0.50546875 0.27265625 0.9890625
4 0.1359375 0.89609375 0.0984375 0.16171875
4 0.59296875 0.4984375 0.09921875 0.21171875