10 0.1765625 0.4140625 0.190625 0.828125
9 0.1671875 0.47265625 0.1828125 0.315625
3 0.17734375 0.7578125 0.1375 0.1109375
10 0.4109375 0.353125 0.178125 0.70625
9 0.4203125 0.4203125 0.1578125 0.2328125
3 0.44296875 0.64140625 0.0875 0.1140625
10 0.571875 0.359375 0.1484375 0.71875
9 0.575 0.48046875 0.1109375 0.1953125
3 0.5734375 0.6703125 0.0703125 0.078125
10 0.73046875 0.37734375 0.1265625 0.725
3 0.75078125 0.69375 0.0796875 0.075
9 0.7453125 0.4859375 0.0953125 0.2015625
10 0.834375 0.3921875 0.1921875 0.784375
9 0.8421875 0.39296875 0.1515625 0.3875
3 0.846875 0.7265625 0.1078125 0.103125
4 0.77109375 0.25703125 0.078125 0.12890625