10 0.17421875 0.5765625 0.29453125 0.846875
10 0.3828125 0.5953125 0.1515625 0.5890625
10 0.465625 0.32578125 0.0328125 0.08984375
10 0.3765625 0.334375 0.0140625 0.05625
9 0.37578125 0.346875 0.01484375 0.03046875
9 0.46875 0.34375 0.0140625 0.0328125
6 0.46484375 0.28828125 0.02421875 0.02578125
6 0.375 0.32265625 0.015625 0.01875
6 0.1 0.18515625 0.13203125 0.08984375
6 0.415625 0.3390625 0.08515625 0.07890625
6 0.48046875 0.4125 0.1015625 0.08984375
6 0.62421875 0.2953125 0.0296875 0.0328125
6 0.62890625 0.40078125 0.090625 0.0796875
6 0.70078125 0.2703125 0.028125 0.025
6 0.803125 0.18125 0.14765625 0.146875
6 0.89921875 0.36171875 0.02890625 0.0359375
6 0.8734375 0.34296875 0.0296875 0.05625
6 0.925 0.34921875 0.034375 0.028125
9 0.17109375 0.69375 0.2296875 0.60546875
9 0.36875 0.6484375 0.1 0.36015625
9 0.45234375 0.796875 0.19765625 0.39375
9 0.6109375 0.71796875 0.14453125 0.40234375
9 0.8 0.696875 0.2875 0.60625
9 0.6890625 0.38671875 0.034375 0.0671875
9 0.95 0.41328125 0.025 0.03671875
4 0.590625 0.82421875 0.0875 0.12890625
4 0.3359375 0.653125 0.08046875 0.12734375
4 0.7453125 0.446875 0.1015625 0.18515625