6 0.15703125 0.08828125 0.00859375 0.0140625
6 0.203125 0.0890625 0.0421875 0.03359375
6 0.39921875 0.04140625 0.04765625 0.0453125
6 0.59609375 0.12265625 0.0453125 0.0390625
6 0.77421875 0.10234375 0.06171875 0.053125
9 0.15546875 0.1203125 0.015625 0.03984375
9 0.20234375 0.2625 0.090625 0.1921875
9 0.390625 0.27265625 0.08671875 0.27578125
9 0.6 0.3125 0.08828125 0.21328125
9 0.80078125 0.34140625 0.1046875 0.32421875
10 0.85234375 0.56640625 0.24296875 0.74296875
6 0.8484375 0.2375 0.03828125 0.05546875
10 0.81484375 0.53671875 0.3109375 0.9265625
0 0.6046875 0.41328125 0.01953125 0.0375
0 0.58828125 0.409375 0.02109375 0.0453125
0 0.38671875 0.3328125 0.0296875 0.046875
0 0.38515625 0.3453125 0.03359375 0.071875
0 0.22109375 0.40703125 0.0265625 0.04921875
0 0.18515625 0.3953125 0.03046875 0.05703125
10 0.15625 0.12890625 0.021875 0.09765625
10 0.1984375 0.3890625 0.115625 0.6453125
10 0.3828125 0.35234375 0.13125 0.67578125
10 0.61171875 0.4125 0.13046875 0.62109375
4 0.68125 0.47578125 0.05 0.10078125