10 0.09609375 0.49453125 0.06953125 0.46796875
9 0.1015625 0.41015625 0.0484375 0.153125
2 0.30703125 0.59375 0.078125 0.184375
2 0.4765625 0.58984375 0.08203125 0.1765625
3 0.49375 0.4421875 0.0546875 0.07109375
6 0.3203125 0.440625 0.04140625 0.05
10 0.309375 0.5953125 0.1046875 0.3734375
10 0.321875 0.809375 0.140625 0.38046875
9 0.3375 0.86953125 0.10078125 0.2359375
6 0.353125 0.66015625 0.0640625 0.0875
6 0.1109375 0.29140625 0.03125 0.05390625
10 0.9671875 0.671875 0.06484375 0.19296875
9 0.9796875 0.634375 0.01953125 0.0765625
8 0.43515625 0.95078125 0.0484375 0.08359375
8 0.4125 0.87578125 0.053125 0.07265625