10 0.95234375 0.63984375 0.071875 0.16796875
9 0.959375 0.6078125 0.03125 0.053125
6 0.978125 0.5734375 0.0140625 0.01953125
10 0.45546875 0.56171875 0.12265625 0.46796875
10 0.32578125 0.809375 0.1453125 0.38046875
9 0.3390625 0.8609375 0.109375 0.2125
10 0.34453125 0.51640625 0.09765625 0.4125
10 0.103125 0.503125 0.08671875 0.45
9 0.1015625 0.409375 0.046875 0.13046875
2 0.36015625 0.4390625 0.059375 0.134375
6 0.375 0.33203125 0.03046875 0.046875
3 0.4828125 0.3640625 0.04375 0.0625
2 0.48125 0.5 0.06484375 0.15859375
6 0.1265625 0.3109375 0.03125 0.0609375
6 0.3546875 0.67265625 0.0578125 0.1