10 0.715625 0.82421875 0.1390625 0.3515625
9 0.7 0.903125 0.0796875 0.19296875
10 0.90390625 0.50390625 0.10703125 0.453125
9 0.89765625 0.40859375 0.05234375 0.140625
6 0.871875 0.31171875 0.03515625 0.05703125
6 0.57890625 0.43203125 0.03515625 0.046875
6 0.68984375 0.7109375 0.0703125 0.11796875
10 0.6015625 0.6515625 0.11875 0.4984375
2 0.5921875 0.5609375 0.0890625 0.16640625
2 0.4796875 0.5015625 0.07421875 0.153125
3 0.45234375 0.3828125 0.034375 0.05
10 0.5078125 0.57421875 0.1578125 0.440625