10 0.09609375 0.50546875 0.06953125 0.46796875
9 0.1015625 0.58984375 0.0484375 0.153125
2 0.30703125 0.40625 0.078125 0.184375
2 0.4765625 0.41015625 0.08203125 0.1765625
3 0.49375 0.5578125 0.0546875 0.07109375
6 0.3203125 0.559375 0.04140625 0.05
10 0.309375 0.4046875 0.1046875 0.3734375
10 0.321875 0.190625 0.140625 0.38046875
9 0.3375 0.13046875 0.10078125 0.2359375
6 0.353125 0.33984375 0.0640625 0.0875
6 0.1109375 0.70859375 0.03125 0.05390625
10 0.9671875 0.328125 0.06484375 0.19296875
9 0.9796875 0.365625 0.01953125 0.0765625