10 0.9640625 0.65078125 0.0625 0.19140625
6 0.9890625 0.57578125 0.0125 0.025
9 0.978125 0.61484375 0.03125 0.0484375
10 0.471875 0.58671875 0.14453125 0.4734375
2 0.50390625 0.5171875 0.0796875 0.1609375
10 0.3296875 0.809375 0.13203125 0.38046875
9 0.33203125 0.8765625 0.1140625 0.246875
10 0.35625 0.51796875 0.0875 0.40703125
2 0.3625 0.44140625 0.0578125 0.1390625
3 0.5140625 0.384375 0.0453125 0.065625
10 0.103125 0.503125 0.08125 0.453125
9 0.1046875 0.41015625 0.05078125 0.1375
6 0.1265625 0.31484375 0.02734375 0.0640625
6 0.35 0.66484375 0.059375 0.090625
6 0.38046875 0.33984375 0.0328125 0.04609375