10 0.0921875 0.503125 0.09140625 0.471875
9 0.109375 0.59296875 0.05234375 0.146875
6 0.1140625 0.71015625 0.03125 0.04296875
10 0.39140625 0.38046875 0.12734375 0.44609375
2 0.4015625 0.45 0.07109375 0.175
6 0.41875 0.584375 0.0359375 0.034375
10 0.5046875 0.346875 0.16328125 0.4734375
2 0.5375 0.421875 0.0765625 0.15859375
3 0.5421875 0.54609375 0.04921875 0.071875
10 0.89765625 0.27265625 0.09296875 0.259375
9 0.915625 0.309375 0.04140625 0.103125
6 0.934375 0.38828125 0.015625 0.025
8 0.48046875 0.1375 0.0484375 0.0796875
8 0.396875 0.175 0.04921875 0.065625
8 0.340625 0.1875 0.04375 0.08046875
8 0.1 0.2890625 0.053125 0.0390625