10 0.9109375 0.509375 0.096875 0.46640625
9 0.896875 0.5984375 0.05078125 0.14140625
6 0.88203125 0.71171875 0.03515625 0.053125
10 0.6953125 0.19375 0.1515625 0.3875
9 0.6890625 0.12421875 0.10546875 0.2390625
10 0.571875 0.328125 0.11640625 0.46953125
6 0.6859375 0.32890625 0.0671875 0.10546875
2 0.56953125 0.40859375 0.06640625 0.16640625
6 0.540625 0.5296875 0.040625 0.059375
10 0.50625 0.428125 0.1484375 0.440625
2 0.4796875 0.49609375 0.0578125 0.14140625
3 0.45625 0.61796875 0.034375 0.053125
10 0.053125 0.38515625 0.0625 0.1640625
9 0.0453125 0.4140625 0.0265625 0.05390625
6 0.028125 0.45625 0.01015625 0.015625
8 0.61328125 0.121875 0.04296875 0.08671875
8 0.5875 0.1796875 0.05390625 0.09140625
8 0.52421875 0.21953125 0.03828125 0.04296875