10 0.0890625 0.490625 0.096875 0.46640625
9 0.103125 0.4015625 0.05078125 0.14140625
6 0.11796875 0.28828125 0.03515625 0.053125
10 0.3046875 0.80625 0.1515625 0.3875
9 0.3109375 0.87578125 0.10546875 0.2390625
10 0.428125 0.671875 0.11640625 0.46953125
6 0.3140625 0.67109375 0.0671875 0.10546875
2 0.43046875 0.59140625 0.06640625 0.16640625
6 0.459375 0.4703125 0.040625 0.059375
10 0.49375 0.571875 0.1484375 0.440625
2 0.5203125 0.50390625 0.0578125 0.14140625
3 0.54375 0.38203125 0.034375 0.053125
10 0.946875 0.61484375 0.0625 0.1640625
9 0.9546875 0.5859375 0.0265625 0.05390625
6 0.971875 0.54375 0.01015625 0.015625