10 0.921875 0.578125 0.059375 0.1734375
10 0.1015625 0.49375 0.078125 0.47890625
9 0.1046875 0.403125 0.05078125 0.1515625
6 0.11328125 0.28046875 0.0328125 0.053125
10 0.4640625 0.703125 0.15546875 0.5734375
2 0.47265625 0.58203125 0.06796875 0.15546875
2 0.31484375 0.59296875 0.06875 0.18203125
10 0.3203125 0.809375 0.13671875 0.38046875
9 0.328125 0.8703125 0.1109375 0.24453125
3 0.4828125 0.45703125 0.0625 0.08203125
6 0.3328125 0.45234375 0.04765625 0.065625
6 0.346875 0.67265625 0.06171875 0.10703125
9 0.9296875 0.53828125 0.028125 0.04609375
6 0.9375 0.503125 0.01015625 0.015625