10 0.90390625 0.49453125 0.06953125 0.46796875
9 0.8984375 0.41015625 0.0484375 0.153125
2 0.69296875 0.59375 0.078125 0.184375
2 0.5234375 0.58984375 0.08203125 0.1765625
3 0.50625 0.4421875 0.0546875 0.07109375
6 0.6796875 0.440625 0.04140625 0.05
10 0.690625 0.5953125 0.1046875 0.3734375
10 0.678125 0.809375 0.140625 0.38046875
9 0.6625 0.86953125 0.10078125 0.2359375
6 0.646875 0.66015625 0.0640625 0.0875
6 0.8890625 0.29140625 0.03125 0.05390625
10 0.0328125 0.671875 0.06484375 0.19296875
9 0.0203125 0.634375 0.01953125 0.0765625
8 0.56484375 0.95078125 0.0484375 0.08359375
8 0.5875 0.87578125 0.053125 0.07265625