10 0.96640625 0.3265625 0.0671875 0.209375
9 0.97578125 0.371875 0.0234375 0.05859375
6 0.9921875 0.41875 0.0078125 0.02109375
10 0.325 0.190625 0.13515625 0.38046875
10 0.10390625 0.49609375 0.0828125 0.45703125
10 0.36171875 0.465625 0.1 0.4
10 0.4859375 0.3640625 0.13984375 0.51640625
2 0.5171875 0.4359375 0.06953125 0.178125
9 0.33984375 0.12421875 0.10546875 0.2390625
2 0.36875 0.540625 0.05390625 0.134375
9 0.1 0.5890625 0.04609375 0.15
6 0.1265625 0.68984375 0.0296875 0.0625
6 0.3515625 0.325 0.053125 0.1015625
6 0.3796875 0.640625 0.028125 0.046875
3 0.51875 0.58046875 0.05 0.06953125