3 0.29609375 0.878125 0.0109375 0.025
2 0.2921875 0.89765625 0.01796875 0.0515625
10 0.29375 0.915625 0.02578125 0.1
3 0.615625 0.44140625 0.01640625 0.02890625
0 0.5984375 0.4609375 0.00625 0.0109375
10 0.6140625 0.4515625 0.03515625 0.06796875
9 0.61953125 0.43515625 0.01796875 0.0359375
3 0.1890625 0.4734375 0.00859375 0.0140625
2 0.1921875 0.49921875 0.01640625 0.034375
10 0.19296875 0.51484375 0.02734375 0.0984375
3 0.015625 0.46640625 0.0078125 0.0109375
10 0.025 0.48359375 0.02578125 0.04453125
9 0.02890625 0.478125 0.015625 0.0234375