3 0.1703125 0.228125 0.02265625 0.02109375
3 0.2765625 0.18671875 0.015625 0.0265625
3 0.75 0.1015625 0.01796875 0.03203125
3 0.66875 0.0890625 0.021875 0.028125
2 0.746875 0.146875 0.0234375 0.05859375
2 0.6796875 0.165625 0.04765625 0.09609375
0 0.6546875 0.2515625 0.0109375 0.02890625
0 0.725 0.1484375 0.01015625 0.015625
0 0.72421875 0.1140625 0.01015625 0.02109375
0 0.271875 0.25 0.00625 0.0140625
0 0.2640625 0.25546875 0.00703125 0.01640625
0 0.190625 0.33359375 0.0078125 0.02109375
2 0.1625 0.2875 0.03046875 0.071875
2 0.25 0.22109375 0.04140625 0.0625
10 0.25625 0.2515625 0.05625 0.15703125
10 0.18125 0.33046875 0.0671875 0.228125
10 0.690625 0.22734375 0.0796875 0.3015625
10 0.74296875 0.16328125 0.04609375 0.15546875