10 0.6515625 0.66328125 0.01640625 0.028125
2 0.6546875 0.665625 0.0078125 0.01953125
2 0.09609375 0.321875 0.01328125 0.03515625
10 0.0953125 0.32578125 0.01640625 0.06796875
10 0.103125 0.36171875 0.0140625 0.0203125
2 0.103125 0.365625 0.01328125 0.01328125
3 0.096875 0.2984375 0.00703125 0.009375
3 0.10546875 0.35546875 0.00625 0.00625
3 0.15078125 0.35 0.00625 0.00859375
3 0.17890625 0.32109375 0.00703125 0.009375
9 0.20078125 0.3609375 0.01328125 0.03515625
6 0.2 0.3296875 0.0078125 0.009375
10 0.19765625 0.359375 0.01953125 0.06875
2 0.17578125 0.34453125 0.01640625 0.03046875
2 0.15859375 0.36171875 0.01171875 0.01875
10 0.1578125 0.359375 0.01953125 0.0265625
10 0.17421875 0.34609375 0.01953125 0.06328125
2 0.190625 0.378125 0.00859375 0.01484375
10 0.18984375 0.37109375 0.01015625 0.0296875