3 0.13828125 0.19453125 0.034375 0.0484375
3 0.2171875 0.18984375 0.034375 0.0484375
3 0.3125 0.2796875 0.04375 0.06796875
3 0.4859375 0.26484375 0.0421875 0.07109375
3 0.4171875 0.18125 0.03359375 0.05
3 0.3921875 0.2078125 0.0234375 0.04296875
2 0.4171875 0.278125 0.078125 0.07890625
2 0.54375 0.384375 0.08203125 0.1984375
2 0.2515625 0.3859375 0.0953125 0.1875
2 0.2125 0.33203125 0.08515625 0.165625
2 0.13125 0.31484375 0.08203125 0.159375
10 0.1296875 0.38828125 0.096875 0.4375
10 0.2140625 0.39765625 0.0875 0.46953125
10 0.2625 0.4765625 0.14453125 0.46640625
10 0.378125 0.25546875 0.04765625 0.13359375
10 0.4078125 0.240625 0.1015625 0.171875
10 0.525 0.434375 0.1203125 0.4125