3 0.86171875 0.19453125 0.034375 0.0484375
3 0.7828125 0.18984375 0.034375 0.0484375
3 0.6875 0.2796875 0.04375 0.06796875
3 0.5140625 0.26484375 0.0421875 0.07109375
3 0.5828125 0.18125 0.03359375 0.05
3 0.6078125 0.2078125 0.0234375 0.04296875
2 0.5828125 0.278125 0.078125 0.07890625
2 0.45625 0.384375 0.08203125 0.1984375
2 0.7484375 0.3859375 0.0953125 0.1875
2 0.7875 0.33203125 0.08515625 0.165625
2 0.86875 0.31484375 0.08203125 0.159375
10 0.8703125 0.38828125 0.096875 0.4375
10 0.7859375 0.39765625 0.0875 0.46953125
10 0.7375 0.4765625 0.14453125 0.46640625
10 0.621875 0.25546875 0.04765625 0.13359375
10 0.5921875 0.240625 0.1015625 0.171875
10 0.475 0.434375 0.1203125 0.4125